CPMG train data
Estimated phase correction: -1.778409 rad
time in s	real part	imag part	abs value
6.7e-05	-7.031155634296409e-05	-0.0001728549785374412	0.00018660803455518486
0.000127	0.0005011528555888616	-0.00010054482103877865	0.0005111393603535051
0.000187	0.00026572109005540596	-0.0002532023088002343	0.00036704101525851626
0.000247	-9.526234719695856e-05	0.00018474947165382445	0.00020786361410752283
0.000307	1.0330025522984812e-05	0.00020891198252425962	0.00020916721987329198
0.000367	0.0002923966666734533	-0.0004484963080138968	0.0005353921450524304
0.000427	0.00023067220715602735	-0.0003166313309749349	0.0003917461766363419
0.000487	9.890906249922151e-05	-0.0004466151772137557	0.00045743646461792847
0.000547	5.59658671809978e-05	2.9227551368805467e-05	6.313816633651352e-05
0.000607	7.694035270525417e-06	0.00018663138178601912	0.00018678991098585308
0.000667	8.508420565012489e-05	-0.00019288619684473704	0.00021081842183343321
0.000727	0.00010216429505183948	0.0002452196772661074	0.00026565058498323165
0.000787	-0.0002939595742352751	-0.0003807608257539195	0.00048103122322089536
0.000847	0.00024164211199799524	0.0002041785622335724	0.00031635390872663556
0.000907	-0.0003132442480576998	0.00017857635523491487	0.000360571038202211
0.000967	-0.00018751414478188308	-1.9057059325039073e-05	0.00018848004139271368
0.001027	0.00021820650389611969	7.866476067938084e-05	0.00023195306187957847
0.001087	0.00010699985228299367	0.0002811659785828224	0.00030083762381227954
0.001147	-0.0002649827209363331	0.00015040207788574066	0.0003046910360138135
0.001207	-0.00024863443872872687	0.00014192161127667428	0.00028628801558800267
0.001267	0.00011614589258284166	-7.87629461578696e-05	0.0001403334245692467
0.001327	0.00016172903698709725	4.706388222886488e-06	0.00016179750150999982
0.001387	0.00012893784351412877	-0.00045371486445013054	0.00047168013071686017
0.001447	5.7433226455681956e-05	0.00019634007426667328	0.00020456783780485247
0.001507	9.414959016376326e-05	8.02984413609172e-05	0.00012374160582842475
0.001567	-0.000290960508331379	-3.1095854710526475e-05	0.00029261744580361685
0.001627	9.305791889815765e-05	0.0001409807184028273	0.00016892406350497662
0.001687	3.364663375193076e-05	0.00010161698257339554	0.00010704254812997652
0.001747	-0.00011406581884053607	0.00012746473228241964	0.00017105048670959958
0.001807	-0.00010698204186295006	0.0001952942253378138	0.00022267687740639528
0.001867	-0.00010983401826133121	-0.0002500970922937173	0.0002731520952531805
0.001927	0.0002856328953217973	0.00017954733949079117	0.00033737723398020536
0.001987	0.00019023654834660048	0.0002627736021846561	0.0003244070133827695
0.002047	3.4697718405270395e-05	-1.5891493562480295e-05	3.816374235027001e-05
0.002107	2.962160764882849e-05	0.00014970080179270654	0.00015260330827698441
0.002167	-0.0004015816635328887	-0.0005312677414037771	0.0006659679012851242
0.002227	5.1048304725953946e-05	-0.0003195243004196403	0.0003235764329707193
0.002287	0.0002677819008608033	-0.00028252073806188914	0.00038926226873877676
0.002347	7.230038114991612e-05	0.00017943304497482958	0.0001934517064886282
0.002407	0.0003089026123176788	5.4711468462604685e-06	0.0003089510597886007
0.002467	0.0001678133711842883	0.00032525966849267365	0.00036599887909145255
0.002527	0.0005821618601937153	0.0002232403494337082	0.0006234971411959248
0.002587	1.0668474662140715e-05	-0.0002958813462382507	0.00029607361821576796
0.002647	-3.3564284052524075e-05	-1.7393274886548468e-05	3.780326937233815e-05
0.002707	2.6510569538897586e-05	-0.00013957223305506326	0.00014206765478902512
0.002767	0.00015467981019372405	8.071024359312967e-05	0.00017447059093849836
0.002827	-0.0001444766049981667	-7.620362531756292e-05	0.00016334161105895767
0.002887	-0.00031439812208554265	5.10055060243138e-06	0.00031443949304653786
0.002947	0.00010604972423438922	-0.0004623927940467363	0.0004743981871766981
0.003007	-0.00026733074575249944	0.00019930559295483924	0.00033344931699985165
0.003067	0.00046044423077605946	5.689109812392753e-05	0.0004639455643722693
0.003127	0.0001915735326845564	3.8239599429120155e-05	0.00019535272045646145
0.003187	0.0001053716580447877	0.00024691160900388155	0.00026845582314413176
0.003247	-0.00015043291074639005	0.00011537380890251891	0.0001895815824818073
0.003307	0.0001686975992257608	-0.0004164048494323038	0.0004492792879883013
0.003367	1.1431423895788214e-05	-0.0001601489083163954	0.0001605563772860437
0.003427	5.3236697713789355e-05	0.00013756911477767696	0.0001475107024055646
0.003487	7.588308382676865e-05	0.00030666873167788924	0.0003159176370511555
0.003547	9.81135220587759e-06	-8.86407174881974e-05	8.918205777470154e-05
0.003607	-3.4854094435978665e-06	-7.726298205059977e-05	7.734155722728127e-05
0.003667	-6.454703384356574e-05	-2.5284254529703887e-05	6.932252956380973e-05
0.003727	-5.151546652019785e-05	0.0002252110245457387	0.00023102780972803887
0.003787	0.00024462592836906315	-0.0001662707571700109	0.0002957833827656901
0.003847	-0.00027910135095292083	-0.0004013058062425598	0.0004888188971671784
0.003907	-0.00019352835425211519	-0.00018402902245632084	0.0002670578682715812
0.003967	-8.220012764038426e-05	5.218712396174761e-05	9.736712428481328e-05
0.004027	0.00015109499428058858	8.733507354168231e-05	0.00017451966183551398
0.004087	0.00022872749834452086	-0.00010775306942360818	0.0002528378778370672
0.004147	0.00020873464367209178	1.6595388646414177e-06	0.00020874124062618383
0.004207	7.933412761461585e-05	-3.871450015948021e-05	8.827636335379106e-05
0.004267	-0.00011965833162401343	0.00017412541893449247	0.00021127654353040443
0.004327	-0.00017283124695680434	-8.97764399108983e-05	0.00019475741086726078
0.004387	-0.00020205890982445758	-7.388966775579216e-05	0.00021514526729749282
0.004447	-0.00011364499760584091	1.83719430818131e-05	0.00011512043160722152
0.004507	-6.327081513895202e-05	0.000304754086449045	0.00031125270963597957
0.004567	-0.00010685298539741511	-0.00011012626746695453	0.00015344495845267584
0.004627	0.00022967906145302832	0.0003274941232739028	0.0004000060900147474
0.004687	-0.00015246139176291486	0.00027444199359792263	0.0003139472628138159
0.004747	0.00030855431574714897	-0.00017170983383389248	0.00035311475868540846
0.004807	-0.0005129005645260339	-0.00021040811643751315	0.0005543812447710568
0.004867	0.00018720969166301506	0.0001869063021454413	0.0002645400431583925
0.004927	0.00011013408617989331	0.00021416134475774672	0.00024082067711707526
0.004987	-0.0001664758102484716	0.00014298276989902978	0.0002194499211343764
0.005047	0.0004936650073765424	-4.303227585890129e-05	0.000495536997885807
0.005107	0.0003216230418807364	0.0004351436796019522	0.0005411020263925689
0.005167	-0.00021598013247387882	2.8838073362337253e-05	0.00021789688409586263
0.005227	-0.00047430766005910534	-9.392402340814061e-06	0.0004744006467243437
0.005287	-0.0002623625575615068	0.00011190920919104314	0.00028523285699929386
0.005347	0.00010768183237991794	-0.00021238357496680097	0.00023812215340109687
0.005407	0.0002950021079447361	-0.00020020993394405265	0.00035652526045389777
0.005467	-1.3498769753094692e-05	8.27181763116304e-06	1.5831606102044223e-05
0.005527	0.0003472465906663723	0.0003252323165500352	0.00047576911885695294
0.005587	0.00022819449007417908	-3.6864518789003826e-05	0.00023115301868191
0.005647	-9.086047799237553e-05	5.0743691652205803e-05	0.00010406992218454427
0.005707	5.8071054993825764e-05	1.7227230915197123e-05	6.0572476531024054e-05
0.005767	-7.458784549258722e-05	-9.39396411756184e-05	0.00011995000158161734
0.005827	-8.968836112953226e-05	1.3680085305892827e-05	9.072566812141919e-05
0.005887	-4.357481561185208e-05	-0.000647843900148344	0.0006493076955612219
0.005947	-0.0001582047883032515	0.0001009572625594756	0.00018767291734712155
0.006007	-0.00047777369795588403	-0.00014915221711616597	0.0005005138263116298
0.006067	-2.7709685743526553e-05	0.0003144125178968318	0.00031563120583084073
0.006127	0.00023689027964314384	0.0004719514960127872	0.0005280674380967972
0.006187	-0.00012431658378411992	-0.00018490080998346522	0.00022280691761320074
0.006247	-0.00014558629255670029	-0.0003543953407953869	0.0003831336922771
0.006307	-0.0001374851042607752	-7.317169069345047e-05	0.0001557441819540435
0.006367	-3.1175441117300984e-05	-6.120107899778474e-05	6.868391514285851e-05
0.006427	6.928913626378833e-05	0.00019709697394025466	0.0002089215200513993
0.006487	-0.00028005766332787863	-0.00011521614114877607	0.0003028317255009556
0.006547	3.4288736731420466e-05	-1.714828021418485e-05	3.833772268850703e-05
0.006607	9.955170743612573e-05	0.0003429304580498237	0.00035708800247517396
0.006667	0.000187701387073227	-0.0002656758656054174	0.0003252929084293127
0.006727	-0.00024336006349381142	-0.000671928572309137	0.000714641257407594
0.006787	-6.687390262761608e-05	-0.0002949469705862697	0.0003024331898298626
0.006847	0.0001322567235289409	-0.00014406603409574672	0.00019556805234671526
0.006907	-0.0002846127952366553	-3.899576039960855e-05	0.00028727184432444117
0.006967	0.0003631301807821781	0.00015108772661424696	0.00039330780481495504
0.007027	1.1317302487836706e-05	4.411018392198025e-05	4.553888076393753e-05
0.007087	-0.0002761372930088703	0.00019840810645384874	0.0003400258538653619
0.007147	0.00010661763950940765	-0.0001487558456694197	0.00018301809384698063
0.007207	0.00040232934482619	-0.00023611385563872608	0.00046649614632154944
0.007267	9.608258335754846e-05	-0.00034359323968421605	0.0003567746868562222
0.007327	0.00014469581208331324	-0.00032558067686078737	0.0003562859177396406
0.007387	9.75548639190041e-05	-0.0002458252407921749	0.00026447495247146975
0.007447	-0.000383649245779502	-5.2314159892314464e-05	0.0003871995804651903
0.007507	0.0001351997452994289	-0.0003361609555839637	0.0003623301797920704
0.007567	-0.0003819202905006796	-0.0005210664741918741	0.0006460444093271564
0.007627	-0.00040737001636669424	0.00042189005864007605	0.0005864653031628789
0.007687	-0.0001428451995898502	0.0003251548428823742	0.00035514845191233146
0.007747	-2.3477427407466982e-05	-0.00028602306358260933	0.00028698498653911196
0.007807	0.0001470427597743126	9.672013260054488e-05	0.00017600101491841797
0.007867	0.00011278825484953802	3.525355769226018e-05	0.00011816938589146452
0.007927	0.0003866215324873854	9.519059765958327e-05	0.00039816762709402064
0.007987	0.00017662090365187235	-0.00032586531749888704	0.0003706523286793898
0.008047	0.0003492641272069729	0.00023413086016187365	0.000420479119854705
0.008107	-9.818396686679044e-05	-4.6184603409025454e-05	0.00010850395818470388
0.008167	-0.00039372862880269035	-0.00020717697032443454	0.0004449095752753118
0.008227	-8.342230108253602e-05	0.00037281818780571767	0.00038203753935528987
0.008287	-4.5073881839648836e-05	-0.00025929772321652955	0.00026318617761837454
0.008347	-0.0001786142990964085	-3.0459790628822862e-05	0.0001811928991071477
0.008407	-0.00017270535479985575	0.00015319243783382797	0.00023085723420767068
0.008467	5.08255936058014e-05	0.00016976345641015587	0.0001772085553739011
0.008527	0.00010842786618354402	0.00033643295352103796	0.0003534738100340751
0.008587	0.0002943097029973294	0.0001523482562938085	0.0003314033682299264
0.008647	0.00014537185258837546	-0.00029389449220227525	0.0003278825217540722
0.008707	-6.358006622326805e-05	2.5561511311895172e-05	6.852602192965308e-05
0.008767	-8.578956668401331e-05	0.0003260007379919277	0.0003370998827100245
0.008827	-0.00028331224495598705	0.0003109106778066958	0.00042063199796998354
0.008887	-0.00010046666491258479	-9.43194725819492e-05	0.00013780317001721936
0.008947	-0.0003179142739068554	4.6612104602516096e-05	0.00032131320210847074
0.009007	-0.00016416930562323715	0.0001117758477280183	0.00019860866306415986
0.009067	-0.00033333991592919814	-0.00034445789984358197	0.00047933990478191574
0.009127	-0.00032949236518190633	-4.6267225952543306e-05	0.0003327249237891722
0.009187	-0.00016250821207635405	0.0004958037926506392	0.0005217569547203097
0.009247	5.147026959295117e-05	-5.791324897949784e-05	7.747988809576573e-05
0.009307	2.5395252231426172e-05	0.00036573099652625527	0.00036661162100509785
0.009367	1.2995427922593946e-05	-0.0002741229257227963	0.000274430791919779
0.009427	-3.390815166161827e-05	0.00012297215934601054	0.00012756141549594027
0.009487	-0.000245548643252754	-0.00018385147734932599	0.0003067499012661585
0.009547	-0.00011107469552125955	-0.0006191905398832182	0.0006290743300008448
0.009607	1.288849833725036e-05	7.529215440873726e-05	7.638731507847646e-05
0.009667	0.0004465478188787874	-0.00034576525015433957	0.000564764165612245
0.009727	0.00024182625517103952	0.00024948583857673363	0.00034745232959412537
0.009787	5.88233300722265e-05	0.0002672778957418221	0.00027367436436934026
0.009847	0.00014929470333599997	0.00010109635135534248	0.00018030357928102008
0.009907	0.0005232955824458793	-0.00022139064647766916	0.000568200743536272
0.009967	8.112218717222093e-05	0.00029684874871663475	0.00030773363297864696
0.010027	0.0004105139833893121	-0.00020200430457115355	0.0004575231902575385
0.010087	-1.4928436718618886e-05	-0.00010224746858303423	0.00010333152014027656
0.010147	0.0002771694943864025	0.00011177866547305048	0.00029886016575206227
0.010207	-0.000341126157685359	0.00045947176666801513	0.0005722598708822797
0.010267	-0.0001086440988732976	4.758884344668483e-07	0.00010864514112371948
0.010327	-0.0003333309764217137	0.00025422230019727326	0.00041921178151364683
0.010387	2.8702723027449216e-05	-4.637164228442021e-05	5.4536002029344724e-05
0.010447	6.225070402571161e-05	0.00014567767553566184	0.0001584207540102316
0.010507	0.00020640741052702774	-0.0005193364632368556	0.0005588509471834497
0.010567	-0.0001176472553883854	0.0004312421069169613	0.0004470018249164089
0.010627	0.0002190273721740361	0.000264342623623726	0.00034329289597330524
0.010687	8.011163754528434e-05	9.658595475295291e-05	0.00012548593995235672
0.010747	0.00035934485020532893	-2.5353474202932102e-05	0.0003602381434874006
0.010807	0.00011800083041238192	0.00014569629874506762	0.00018748761944732166
0.010867	0.0003472843813918841	-0.00010983436621396579	0.0003642389731486283
0.010927	0.00010838941733735927	0.00018650995853092088	0.0002157179418174067
0.010987	2.3507854782303536e-06	0.00012548341072483022	0.00012550542840650795
0.011047	-0.00020237476934435367	-0.0001510290424839627	0.0002525179576600503
0.011107	0.00024351311468098487	-3.810839559237271e-05	0.00024647694990862585
0.011167	-0.00010685783646164737	8.982366944822424e-05	0.00013959544694010627
0.011227	0.00023968446415858677	0.00024277238424984967	0.00034115549667760816
0.011287	0.0001610503450873936	-0.000177674157335502	0.00023980266853738155
0.011347	-7.681933653238431e-05	-5.864488817108857e-05	9.66459175230656e-05
0.011407	0.00013576805060768474	-0.00034677578165769453	0.00037240623828034336
0.011467	0.00019458655880959293	3.824450535115079e-05	0.00019830928132317298
0.011527	-8.391373281837157e-05	6.302273137471584e-05	0.00010494464838877036
0.011587	3.291406001861509e-05	-1.568251370356668e-05	3.645924550743683e-05
0.011647	-5.5878260348035146e-05	-7.758407272261139e-05	9.561207203983318e-05
0.011707	0.00030928518341264116	9.259063885421609e-05	0.00032284725658122444
0.011767	7.521802735819451e-05	-0.00024251725679516292	0.00025391410256838645
0.011827	0.0003423288255785567	5.8320717324056935e-05	0.00034726118540831264
0.011887	0.0002173661226163148	8.371891868562054e-05	0.00023293108123893718
0.011947	-0.00013036690101758872	7.274314617259934e-05	0.00014928862714894906
0.012007	-0.0001331254404444566	-5.8019287074336526e-05	0.00014521921555408856
0.012067	-0.00045674766562251487	-8.344141262969906e-05	0.0004643069021598283
0.012127	-0.00016532057847044933	1.4869043796129642e-05	0.0001659878975383905
0.012187	0.0001196636720511098	0.0002317705619782392	0.0002608390074518464
0.012247	-0.00011773422850011019	-0.00017745553162965038	0.00021295965408141986
0.012307	-7.766969638206153e-05	0.0003674193850107741	0.00037553906084158154
0.012367	0.0001722461666002751	-0.0002689551085955905	0.000319383143494073
0.012427	-0.00012715188385821856	0.00014747597650686467	0.0001947222771419521
0.012487	0.00027531350833022607	-2.477490434191139e-06	0.00027532465532158386
0.012547	5.700365117741216e-05	0.0002887112599577996	0.00029428490935482274
0.012607	0.00014437963088342263	-7.883347124196802e-05	0.00016449982979350333
0.012667	-4.443339380761732e-05	0.00015988766787348972	0.00016594695786089652
0.012727	-0.00024787615537801515	2.3250434112739424e-05	0.00024896419640465725
0.012787	0.00020884940442949176	-0.00017532441043733167	0.00027268429112391375
0.012847	-0.00021059218191707435	-0.00021680917996410177	0.0003022503723757845
0.012907	2.237147540975538e-05	-5.987188660297811e-05	6.391498820628194e-05
0.012967	8.921864231416961e-05	0.00012560993015874988	0.00015407083011027673
0.013027	0.0001226496218930412	4.369784426088611e-05	0.00013020150284675914
0.013087	-0.00010707092265562949	-0.00013493664811174493	0.00017225586051557339
0.013147	0.00022909796773829991	-0.00017062898485126047	0.0002856573634499744
0.013207	0.0003343933264378775	-6.837407297277965e-05	0.0003413120428890195
0.013267	-0.00011600240755859048	9.540805933378034e-05	0.0001501973912730427
0.013327	7.857676066326922e-05	-1.4488249652683584e-05	7.990129344592101e-05
0.013387	0.00015005261060622115	-0.00013052398290883734	0.0001988775906534688
0.013447	0.0001607570594030392	0.0004191578973992672	0.0004489278061115026
0.013507	0.00012829964626629987	0.0004345490320724823	0.0004530934346326251
0.013567	-0.00012997369208288628	-2.542037243205393e-05	0.00013243623359277952
0.013627	-7.626490806490205e-05	-6.282326418783363e-05	9.880839400254566e-05
0.013687	-6.595056054046893e-05	-0.0001483699119397839	0.00016236719867208796
0.013747	2.0135053189194547e-05	-0.00017290997400937864	0.00017407837165729604
0.013807	4.7023246923246444e-05	-0.00048554653897411805	0.000487818231784083
0.013867	0.0003349532559889268	-6.24524902088932e-05	0.0003407256920616281
0.013927	0.00020856283615275687	-3.564668110406893e-05	0.0002115871983316025
0.013987	3.101068512176397e-05	-2.5319378902020673e-05	4.003415466455215e-05
0.014047	0.00019462564240342546	-0.00015217491537537515	0.00024705534916380305
0.014107	0.00022298431018694356	-0.00026783859140763527	0.0003485104211308082
0.014167	-0.00016087720477470677	6.538563672464257e-05	0.00017365700822601389
0.014227	0.000197302674510186	1.782460747490714e-05	0.00019810618869814972
0.014287	-0.00023601565341736891	-5.182861168371027e-05	0.00024163938761528187
0.014347	5.984392349582254e-05	4.601710523270417e-05	7.549085476646579e-05
0.014407	-0.00019470955461684322	8.746705195744931e-05	0.00021345326382423061
0.014467	0.00016407229080392594	0.0003097700452892846	0.0003505384395015381
0.014527	0.00012700107915158593	-0.00016390844447617618	0.00020735296543880708
0.014587	0.00033858545675515824	0.00018501497662217804	0.0003858375993868459
0.014647	0.00011938030615435448	0.0003234277867699446	0.00034475671241095823
0.014707	6.588493885262872e-05	0.00030913160234183345	0.00031607463158887664
0.014767	-0.0002548188881861107	-0.00026720044236349836	0.0003692272229612204
0.014827	-0.0001506552759026159	-0.00025439850115772353	0.0002956613088461011
0.014887	-8.40581673804376e-05	-0.00022291709639907163	0.00023823897114105965
0.014947	4.494394178680145e-05	6.363168602728626e-05	7.790346186152792e-05
0.015007	0.00047149915845669666	-6.471838791689401e-05	0.00047592008379551996
0.015067	0.00011159089246771638	-6.415108561831882e-05	0.00012871631236075057
0.015127	0.00024445065066701826	-0.00010114986775329666	0.0002645513491896006
0.015187	0.00047048741850095385	-7.110468490616113e-05	0.0004758301032756294
0.015247	0.00013336155995546088	0.00024026471021931973	0.00027479526315154644
0.015307	0.000301144697099973	-4.378545919961752e-05	0.0003043111812417609
0.015367	0.0001811177072145019	4.8080769344651815e-05	0.00018739099297301255
0.015427	-3.969197099663879e-05	3.0052514991762386e-05	4.978560252651481e-05
0.015487	0.00015869581762728314	1.7965617080346953e-05	0.00015970950481881022
0.015547	0.0001486366178424234	5.235280783238035e-05	0.00015758699391627714
0.015607	-6.670535127453484e-06	7.987316261822032e-06	1.0406404756348733e-05
0.015667	6.148280357173782e-05	0.00017169637764870375	0.00018237264387162673
0.015727	-0.00013786985581848847	-5.688113665905223e-05	0.0001491427532635648
0.015787	-0.0001523795367195996	-0.0005844286971529383	0.0006039672385707363
0.015847	-0.00015137465700701172	-0.00024500787085246365	0.00028799851312749506
0.015907	0.00019531757715518782	-0.00037905896637880764	0.00042642074989139865
0.015967	-0.00021461338456007695	0.00028179774893211947	0.00035421586093163773
0.016027	0.00040354571681009625	0.0003150597063149176	0.0005119685186600994
0.016087	-9.553143663179995e-05	5.383362629095154e-06	9.568299733041366e-05
0.016147	7.675940974180979e-05	2.6441623301335824e-05	8.118599895746058e-05
0.016207	-0.00033831400740540717	0.0001447168892591647	0.00036796650070835966
0.016267	0.000483734073685619	-3.347475779801291e-05	0.0004848909294409615
0.016327	-0.0003701852805648374	0.00036224308243944014	0.0005179355101961
0.016387	-0.0002105531681985142	0.00017776445964752535	0.00027555914020806584
0.016447	0.00022511289531722842	-3.121072716885656e-05	0.0002272661988253296
0.016507	-6.30656754931705e-05	-3.724229300748979e-05	7.324116201881022e-05
0.016567	-0.00014523071650960888	-8.765904280009441e-05	0.00016963510486489277
0.016627	-0.00019020705190162546	0.00016511670252567808	0.0002518774464815397
0.016687	-0.00034430743346985807	0.0001903353859269948	0.0003934147530006708
0.016747	1.403848644051652e-07	5.354372813866275e-05	5.354391217400144e-05
0.016807	0.0003500660795352178	-5.1011247347992975e-05	0.0003537632080886246
0.016867	-1.887008344006179e-05	-0.00013345106627156357	0.0001347785856063646
0.016927	0.00015413624635416737	0.0001686686540523791	0.00022848872466709098
0.016987	2.4427928837944372e-05	0.00014723219962348752	0.0001492449138606812
0.017047	-5.673502415571587e-05	-5.626668589521136e-05	7.990496172065938e-05
0.017107	-0.0002895098521549706	5.8616771823944325e-05	0.0002953842928015186
0.017167	9.373079129215475e-05	-7.679528133229519e-05	0.0001211733323432175
0.017227	-0.00020003224391712678	0.00015010762469367007	0.00025009037885871703
0.017287	0.00040312851214767355	0.0002553451388380606	0.00047719360560953187
0.017347	3.836091296835453e-05	0.0003197502277223419	0.0003220431147723161
0.017407	0.00019961760084036224	2.5780092575354474e-05	0.00020127543252582028
0.017467	4.248457441248903e-05	0.00019643162356836627	0.00020097343555981387
0.017527	-0.0002449285532464291	-5.477902901213636e-05	0.0002509795573645418
0.017587	-0.0001209833869764224	-0.0001680692925692783	0.00020708516853947906
0.017647	-0.00012808431513258449	-0.00018062175097389023	0.00022142675698265832
0.017707	-8.687621121380095e-05	-0.00011382662373807625	0.00014319209596368976
0.017767	-9.888446761431394e-05	0.00020866734369859487	0.00023091166766015488
0.017827	0.0001715463287225219	-0.00011858124241678437	0.00020854173191781956
0.017887	2.2894402545951774e-05	2.976776321155733e-07	2.2896337696425272e-05
0.017947	0.00036292124931124856	0.0005773807294524991	0.0006819679904106478
0.018007	-0.0002111471421878135	-0.00011257843157265942	0.0002392843891887657
0.018067	-0.00043858047671699633	-0.0001766079525118448	0.00047280355693219334
0.018127	0.0001206728109273761	5.8709882960772724e-05	0.00013419678704939956
0.018187	0.0001369752394404316	-0.00013641089258589753	0.00019331359971777682
0.018247	9.068893689609366e-05	-0.00015016206718996346	0.0001754227171665824
0.018307	-0.00020738269471893203	-3.484769753439232e-05	0.00021029014264186102
0.018367	-0.0003378139372787462	-0.000372893840049225	0.000503158098579786
0.018427	-0.00030204863418429516	-8.37412507629483e-05	0.00031344213898571637
0.018487	1.5340060106125344e-05	0.000247184383735228	0.00024765992208394154
0.018547	-0.0002607796165302571	0.00011108565962795336	0.00028345375667407455
0.018607	-0.00013528814562052915	0.00029952937210590066	0.00032866506826798096
0.018667	0.00011458523263173134	9.303209390018682e-05	0.0001475965651115268
0.018727	-0.00017064832861955455	-0.00022970049777463157	0.0002861523558151514
0.018787	9.232720401459088e-05	9.331923091748556e-05	0.00013127372722743452
0.018847	8.487124408466473e-05	-0.0003128470720890043	0.00032415492991336934
0.018907	-5.717668254490993e-05	-0.00021028801415019142	0.00021792251357322518
0.018967	-0.00018469499751057057	-0.00010788066239504805	0.00021389361707218848
0.019027	9.263396231493289e-05	-0.00029777661602942065	0.0003118524715760602
0.019087	-0.00020019930077625338	-6.454729388466682e-05	0.00021034760083997705
0.019147	0.0004516586863360325	-7.05710116801037e-05	0.00045713874986960353
0.019207	-0.00011124068074710503	2.7133903884569798e-05	0.00011450213008104442
0.019267	0.00015462845824667888	-0.0003946754388185659	0.0004238851992065451
0.019327	-0.0002369444164892739	-0.0002490670849387671	0.00034376891846898776
0.019387	-5.456106787511316e-05	0.00017084000844687206	0.0001793410678394662
0.019447	-0.0004736436813103811	-0.00020576348606421722	0.0005164077352659903
0.019507	0.00016947838019519903	-0.0001735878117761444	0.00024260183377464105
0.019567	0.0002807993002521309	0.0002002254186216445	0.0003448745645655811
0.019627	-0.000261531003324399	4.0351182671831106e-05	0.00026462555364681296
0.019687	-3.7389730436450234e-05	1.0244032565688914e-05	3.876766881458451e-05
0.019747	0.0003669917729647276	0.00046844614841416916	0.0005950838221526981
0.019807	0.00013155512862503507	-0.00025036778086780725	0.0002828264088875363
0.019867	-0.0002566694671959286	-0.00016181384357473734	0.00030341874589924635
0.019927	0.0001234771482044816	-0.0003096779464074782	0.00033338721724125004
0.019987	-0.000414803659529297	4.2089716413929994e-05	0.00041693359205837805
0.020047	-0.00010606979420363584	0.0004744063787247118	0.00048611954642566716
0.020107	-0.00016963774837027058	-8.165949873577491e-05	0.00018826906120208192
0.020167	-0.0004797324288625843	-0.00018892928886237478	0.0005155942973816111
0.020227	0.00018560496573703005	8.034814281229762e-05	0.00020224991312638299
0.020287	0.0002842727240905164	0.00019543934737192728	0.0003449746659727461
0.020347	1.840084153105138e-05	0.0003925431487411924	0.0003929741907462891
0.020407	-0.00011038100556572976	-0.000382886052212598	0.0003984792282775226
0.020467	-8.997736133637016e-05	2.9649062514740916e-05	9.473643681846354e-05
0.020527	7.347495414311582e-05	-1.9912328585064426e-05	7.612535527675747e-05
0.020587	4.400475176412096e-05	-0.00020057392280401198	0.00020534438557411706
0.020647	-7.438025716551515e-05	-0.00010376700760301336	0.000127671510224059
0.020707	-3.206197889019243e-05	0.00040882411676054444	0.0004100794178392698
0.020767	-0.0002998510365783401	-5.312606725236765e-05	0.0003045209732658953
0.020827	0.00018315492582765807	0.00017048973371760706	0.00025022485119994674
0.020887	-0.00011369440595925749	0.0004246022803258795	0.00043956059241515857
0.020947	-4.068851447921126e-05	-7.306052802310652e-05	8.362652668585559e-05
0.021007	9.206060674167621e-05	0.00015067895610441684	0.00017657662112058418
0.021067	8.411486014097245e-05	0.00035596444162569506	0.00036576767680923943
0.021127	0.0002237709174418804	0.0003971085807851232	0.0004558164635310528
0.021187	-0.00021994971632546733	-7.89789561998005e-05	0.0002336997073897688
0.021247	-0.00014482313817806738	2.0357414791146405e-05	0.00014624693394639897
0.021307	2.090431554988314e-05	0.0002329765882176821	0.00023391255003988242
0.021367	-0.0003522346337333913	-0.00020948617406956312	0.0004098215396091323
0.021427	-0.00013642355775110384	-1.3313482524607652e-05	0.00013707164523125048
0.021487	3.5452991084977594e-05	-0.00031279391079028294	0.00031479667279745983
0.021547	0.0002864309913643031	-1.1790546991055566e-05	0.00028667355966723854
0.021607	-8.18953497182137e-05	0.00019311643380018307	0.0002097636892056607
0.021667	-2.381088976372238e-05	-0.00015345019563177834	0.0001552865770463474
0.021727	5.468860985015364e-05	-8.39590686480647e-05	0.00010019964698337396
0.021787	5.1203146617943e-05	-4.1603791776265294e-05	6.597452321723445e-05
0.021847	9.828227348836443e-05	-3.274461392056871e-05	0.00010359350859416224
0.021907	0.00017423705067968624	-4.955995820927951e-05	0.00018114839024198113
0.021967	0.00010743197169674926	-0.00026542974687518667	0.00028634695575276647
0.022027	-0.00021521035966087803	0.00016889864234806998	0.0002735731169036639
0.022087	-0.0003608206906667268	-0.00018448977567665981	0.0004052505991882529
0.022147	7.155353735174705e-05	-9.111502662272893e-05	0.00011585273749035222
0.022207	-0.00011010797619391088	2.9356910567413674e-05	0.00011395435322786914
0.022267	-7.982838919899498e-05	0.00017970999937694818	0.00019664245624525985
0.022327	-0.00017226923981442219	-7.537661089105193e-05	0.0001880380930972763
0.022387	-0.00011382488917792943	1.0928175694985715e-05	0.00011434828560318862
0.022447	-9.94593632170728e-05	3.1641483139520406e-05	0.00010437120477801417
0.022507	0.00018905485365766463	8.780466802599802e-05	0.00020844998781164922
0.022567	0.00015753148635586225	0.00015649871188990364	0.00022205408353976805
0.022627	1.664813286307699e-05	-0.00024830402596215845	0.0002488615069407941
0.022687	-1.4961312181612939e-05	-0.0001116918447318523	0.00011268943624759102
0.022747	0.0002914371465773213	-0.00022926538539555204	0.0003708075341005116
0.022807	5.774586804027006e-05	-0.00014127858907796674	0.0001526244574358424
0.022867	-0.00031432382191055045	-0.00011522779582033339	0.00033477889710982066
0.022927	0.0002039402033993316	0.0004289404964715858	0.0004749542673519749
0.022987	0.00016873247809605916	-7.218818522766203e-05	0.00018352597432216597
0.023047	-0.0004950229439969367	0.00035593895204223984	0.0006097050538287528
0.023107	-0.00017745082051853905	-5.0286328173719874e-05	0.00018443835963241978
0.023167	7.357362686750946e-05	4.561321397388242e-05	8.656583540558418e-05
0.023227	8.71362737384898e-06	0.0003541733324875111	0.00035428050573990005
0.023287	-0.0001277640451447883	0.00011037211158283986	0.00016883617576519066
0.023347	-0.0001097962632793099	0.0005365405051839824	0.000547659504741023
0.023407	-0.00039285408991461584	0.00030366764981058065	0.0004965363808464819
0.023467	1.2187783564656393e-05	0.00014317442234411252	0.00014369223111145992
0.023527	-9.302124485628484e-05	0.00027202590738758923	0.0002874909499178264
0.023587	4.277139948214013e-05	-6.275638521849151e-05	7.59457470787701e-05
0.023647	-4.398353556796261e-05	-9.878613431234265e-05	0.00010813533989142694
0.023707	-0.00029428490765764156	-0.0001264923729614792	0.00032031847791298674
0.023767	2.8675702976086392e-05	0.000190295662377269	0.0001924441089271799
0.023827	6.675604536136764e-05	0.0003607796991291403	0.000366903748817046
0.023887	0.00016924085126262877	0.00013554512656423115	0.00021682930399605278
0.023947	-8.89050840528225e-05	0.00013677813649235187	0.00016313299051007391
0.024007	-0.0005094820607832705	-0.00012050958580880677	0.000523540380994416
0.024067	-0.00013268125856993982	0.00012513540159117488	0.00018238197582844595
0.024127	0.00014453636051143547	0.00010327931063884184	0.0001776439571613007
0.024187	-0.00037183126557668715	2.2592638531503703e-05	0.0003725170028014507
0.024247	-0.0003655420421303313	1.581162707140047e-05	0.0003658838505802872
0.024307	-0.00022944538493827564	0.00017896447266298372	0.0002909870566623425
0.024367	-4.463342517754026e-05	-0.0002026466041912309	0.0002075037079989572
0.024427	0.00021445488788573983	0.00011768842575189973	0.00024462515098420615
0.024487	5.979063250428469e-05	-1.3706662957069715e-05	6.134160370157542e-05
0.024547	-6.351777336786433e-05	8.93080926780157e-05	0.00010959216646912504
0.024607	0.0001364256776790695	5.33984640326243e-05	0.0001465037934363368
0.024667	-0.00017381709602897448	5.7858327679629355e-06	0.00017391336559553026
0.024727	0.00016652186985998538	-0.0004113987719078242	0.0004438225801701981
0.024787	0.0001998162175632934	-0.00041078628758191077	0.0004568061896106813
0.024847	-0.0003499137985351216	0.00023283554297406147	0.00042029996012051164
0.024907	0.0001664752805864387	0.00019809213300735887	0.00025875569985169146
0.024967	-0.00014421298542098077	0.00040498280213013685	0.00042989353936202573
0.025027	4.1033513953677324e-05	0.00010218933830356949	0.00011011998061345637
0.025087	7.778172736672796e-05	-0.00019620823113651687	0.00021106318266782774
0.025147	-2.0411330456726495e-05	-0.0003404485606250969	0.00034105988454040436
0.025207	-0.00045538136290763475	-2.8944304560175947e-05	0.00045630029415954485
0.025267	-0.00046851633757875725	-9.541866266944594e-05	0.00047813416502466913
0.025327	0.0006419917201788312	7.094499839890429e-05	0.0006458998076915609
0.025387	0.000133126896836526	8.648986118426803e-05	0.0001587553676226319
0.025447	0.00034420332018521575	3.0749018754557836e-05	0.0003455740554221255
0.025507	1.2337753730014441e-05	0.0002529168268851467	0.00025321757736925324
0.025567	-0.00012817412270666243	-0.0002680512512893938	0.0002971196376031586
0.025627	-0.00013497673035408377	-0.0002454871624966168	0.00028014757662296385
0.025687	4.813289312543448e-05	-1.5083913710220316e-05	5.044105325468403e-05
0.025747	-0.00026223092029173194	0.0001612642080441201	0.0003078493143619877
0.025807	-0.00010740891265850026	-8.78507667824932e-05	0.00013876033922830165
0.025867	-0.00015670626311883352	-9.356591810694955e-05	0.0001825142020004621
0.025927	-0.00014071178962364762	-0.0001341719575295443	0.00019442716355077422
0.025987	5.476321307267542e-06	1.3456302890076194e-05	1.4527979299610302e-05
0.026047	-9.091576994210773e-05	0.0002230475970994639	0.00024086491607540323
0.026107	-1.868321265270821e-05	-1.7054023279071856e-05	2.529628717874307e-05
0.026167	-8.532086758312942e-05	-0.00036289454708943403	0.0003727896226457804
0.026227	2.1011652221310237e-05	-0.00017142859002352713	0.0001727114675015062
0.026287	5.485497004170354e-05	2.242800933750749e-05	5.926283271258231e-05
0.026347	-6.0359471758571135e-05	-4.1874385307064994e-05	7.346243921772736e-05
0.026407	-0.0003751677997115688	9.393847960951318e-05	0.00038674968117862325
0.026467	0.00020515793923563661	-2.2430878997947373e-05	0.00020638053290955938
0.026527	2.6128505275228048e-05	-0.0001511791494089934	0.00015342044845438426
0.026587	3.223776016333634e-05	0.000145635586564813	0.00014916097765309107
0.026647	-6.717178231842336e-05	0.0004657195059873463	0.00047053874080348746
0.026707	0.00016370019049962315	-9.239490894911987e-05	0.00018797492271398612
0.026767	0.00011384387817469064	0.0002873048261699168	0.00030903801018382826
0.026827	0.00026530378775119483	-0.00010291919441353842	0.00028456714563326305
0.026887	0.0003393502962717189	3.179784955027588e-05	0.00034083680378698154
0.026947	-0.00013377093203353798	2.892237884569057e-06	0.0001338021946647452
0.027007	-0.00022935576396558853	-0.00016396774267815066	0.00028193880027978945
0.027067	-8.265770376138263e-05	-0.0002234029608885913	0.00023820406991672906
0.027127	-0.0004287508753288419	0.00020158572721640914	0.0004737764436024829
0.027187	0.00017411522456542685	9.741341083845926e-05	0.00019951311745509736
0.027247	0.0002515319327019109	-4.389487803708089e-05	0.0002553332596561773
0.027307	0.0002162397576249399	-6.750252053643112e-05	0.00022653084349921109
0.027367	8.624177016525221e-06	0.00044081245608359776	0.00044089681090666346
0.027427	-0.0002526644149780253	0.00020355983986672146	0.00032446250168972234
0.027487	0.00016441200330566608	0.00019392151727299706	0.0002542378053957429
0.027547	7.904146985354446e-05	2.8193166650785286e-05	8.391905982795404e-05
0.027607	4.15700255780576e-05	-0.000389154046355788	0.00039136803500240425
0.027667	-0.00039917930109982595	0.0003003713144488633	0.0004995668533542667
0.027727	5.6325450131321106e-05	0.0002515735578939899	0.0002578018839417909
0.027787	-1.0186344977904696e-05	1.1792098901164871e-05	1.5582529335885685e-05
0.027847	-0.0002684347793967843	0.00017013302145856403	0.00031780886674292216
0.027907	0.00020586876299023225	-0.00026543400030529674	0.0003359124232492759
0.027967	-0.00010952899454200597	-0.0003215722790631485	0.0003397136018873107
0.028027	-0.00015628076392897215	0.00016631754404016792	0.00022822182768038714
0.028087	-0.00027991551044677886	-5.3963074784439e-05	0.0002850696518903261
0.028147	8.96757516230454e-06	0.0001467256903083994	0.00014699947483160582
0.028207	-0.0002315070341977085	0.00021669934220269548	0.00031710268335998024
0.028267	0.00013821468147971232	0.000395782230715947	0.00041922174600923253
0.028327	0.0002599948111096353	-0.00023939743040272098	0.00035342386943634774
0.028387	-0.00040634972000752384	0.0002434325105450448	0.00047368711418029557
0.028447	-0.0003988671392972354	-4.6012384172075146e-05	0.00040151230903716866
0.028507	0.00016362731425816217	0.0005854685160312659	0.0006079040065957717
0.028567	-0.0001776003369771829	0.00022385868167188103	0.00028575267112361606
0.028627	4.9368544473131436e-05	-0.00020936506485512232	0.00021510691194191118
0.028687	0.00017272115355197165	6.169431336885525e-05	0.00018340879255471446
0.028747	3.900890743694134e-05	-0.00035064233611446316	0.0003528055310439903
0.028807	-5.041569978635912e-05	-0.00023439439923121037	0.00023975503576756908
0.028867	-7.31172674425892e-05	0.0001302044405170544	0.0001493296056668947
0.028927	-2.1059307822654983e-05	6.163311322183311e-05	6.513167502363682e-05
0.028987	2.5600612365028154e-05	-4.709261333381816e-05	5.3601358043177786e-05
0.029047	8.808793244172755e-06	0.00034775300315568016	0.00034786455128715414
0.029107	0.0002623210662698946	-0.00021056441823673946	0.0003363773417404195
0.029167	0.00012205083284006605	-0.0003281649166384634	0.0003501265746973277
0.029227	-0.0002758884502217319	-0.00011679649275591445	0.00029959281981688316
0.029287	-0.00017389720038428542	-0.00016612175506888207	0.00024049256497583863
0.029347	-9.905226569568737e-06	-8.365520863397687e-05	8.423958359933107e-05
0.029407	-0.00020483736650120848	0.000272050052679542	0.0003405430631771729
0.029467	7.628325257928066e-06	-5.284904510445883e-05	5.3396750038685574e-05
0.029527	-9.070377644294853e-05	-0.0003225881531361266	0.000335097435986594
0.029587	0.00015707656551383804	-0.00015156653275952072	0.0002182784031606561
0.029647	-9.825389253976331e-05	5.546562897830451e-05	0.00011282846891265648
0.029707	0.00012507747504051774	0.00012005524829567923	0.00017337138577587863
0.029767	-0.00010764741002289486	6.0247239517168734e-05	0.0001233600208903855
0.029827	0.00020076406507857646	-0.0001664025657337779	0.00026076047190795457
0.029887	-0.0001766932452344922	0.0002339199554500159	0.0002931536260550666
0.029947	-0.00015801867296131732	0.0001221328084802739	0.0001997156075817186
0.030007	0.0004327580849503653	4.733317334351477e-05	0.00043533893621944134
0.030067	0.00018592806409696897	0.00011293453259002886	0.00021753954507209693
0.030127	0.0001456520834439731	-4.566145080045614e-05	0.000152641729224916
0.030187	0.0003540465900814435	9.407371429529361e-05	0.00036633161434636
0.030247	-0.0001308870292772149	-0.00022442776062998402	0.00025980614729910435
0.030307	-4.172025537466777e-05	-7.459735460879478e-05	8.547131111172783e-05
0.030367	0.00015399465300998196	1.70845185068051e-05	0.00015493945245893348
0.030427	-5.412539953138248e-05	-1.7957767037736743e-05	5.70266628114727e-05
0.030487	-0.00012195490611951047	-0.0002760570187356028	0.0003017954219662843
0.030547	0.000211123924365805	-0.00044439348335720817	0.0004919947962021259
0.030607	0.00021969445105939756	0.00010487039982440716	0.00024344086055060898
0.030667	-0.00015755225518736328	0.00019123544329730218	0.00024777753709273104
0.030727	-0.00013237971035000748	-0.0003499029227709273	0.00037410752876143697
0.030787	-2.2564555065249402e-05	0.00032341286063856874	0.0003241990708989077
0.030847	-0.00020673953754956422	0.00028462578557172333	0.00035178555143514393
0.030907	-0.00037703547612360583	0.0003305393541072069	0.0005014100266940856
0.030967	-0.0002777565059418694	0.00010958492475455378	0.00029859258585319384
0.031027	-5.1035600001486715e-05	6.36429930707813e-05	8.157856970135765e-05
0.031087	0.00020622763321550836	0.000262658266625424	0.0003339449082234112
0.031147	-1.3121192223410629e-05	3.322379018075241e-05	3.572094510701462e-05
0.031207	-5.0519434831297714e-05	-7.499627368402177e-05	9.042485478098615e-05
0.031267	5.093991322382435e-06	0.000153240296819841	0.00015332494029682671
0.031327	-0.0001374498092707563	-6.403191370134523e-05	0.00015163289893958966
0.031387	-8.300074648151191e-05	0.0003272405626206196	0.0003376025914307351
0.031447	8.571493205340885e-05	-1.0862918379626045e-05	8.640053571965229e-05
0.031507	-4.477676588124096e-05	-0.00033567252882442356	0.00033864584062138863
0.031567	-0.00014364109301072452	0.00010050518322030425	0.00017531131011849332
0.031627	-0.0003801743024613922	-0.00034282974834427956	0.0005119225884856109
0.031687	-3.878984999840329e-05	-7.321055949651025e-05	8.285190694661587e-05
0.031747	0.0004280699512287974	0.00030472056312149873	0.0005254507633776054
0.031807	-0.00023562556530776397	-8.913374744973966e-05	0.00025192108280379654
0.031867	-0.00011856261166552588	-0.0005339688447248075	0.0005469733266089818
0.031927	0.00022078358890136268	-0.00012769174375442955	0.00025505014124915283
0.031987	0.00025361374948087485	0.00023830851135579368	0.0003480098856503395
0.032047	-0.00010233666104621434	-0.0001448360587371924	0.00017734225696266305
0.032107	-0.00018256694193412822	-0.000170471862416033	0.0002497825937946242
0.032167	0.00048414359034834874	9.805964428159883e-06	0.0004842428863842566
0.032227	-8.315780625168311e-05	-0.00010865486916420093	0.00013682507567577696
0.032287	0.00017218100761862446	-5.2353343116643406e-05	0.00017996436291681142
0.032347	-3.4106485487160695e-05	1.354518052189118e-05	3.6697741996702244e-05
0.032407	-0.0003167555081412472	-0.00018988098410111483	0.00036930859732888367
0.032467	-0.00018370251618896023	5.674766327691975e-05	0.00019226781254683755
0.032527	0.00052093361592507	-3.547185534502647e-05	0.0005221399091454193
0.032587	0.00023749748797227888	7.03938854962628e-05	0.0002477102256839707
0.032647	-0.00035881797206809826	-5.685794123969868e-05	0.00036329486999003933
0.032707	0.00013563903901521294	0.00016043006558449355	0.0002100851133431766
0.032767	-0.0002820606979185619	-0.00013763530848554683	0.00031384982946023384
0.032827	0.0002030037469539553	0.0005417272479238753	0.0005785144185070251
0.032887	-0.00017292181712892838	-5.903573349819199e-05	0.00018272157143818597
0.032947	-0.00017039890675101693	-4.187034385777185e-05	0.00017546769821454264
0.033007	-0.00021428274059854028	0.00013358750971685697	0.00025251280298387377
0.033067	-0.0002804891918539315	-8.566961652659166e-05	0.00029328053113475644
0.033127	-0.00010840736351229662	9.807705372240981e-05	0.0001461891409460897
0.033187	0.00010742474886854827	-0.0002426464795584238	0.0002653627530599712
0.033247	-2.0797712278671616e-05	5.775491157488974e-05	6.138545957349949e-05
0.033307	-1.5171268313770352e-05	-0.00010130355246356344	0.00010243328132978247
0.033367	-5.943335860202597e-05	-1.5728413713714785e-05	6.147932264320082e-05
0.033427	-0.00010439276932520211	4.7306142229644895e-05	0.00011461117476073723
0.033487	4.2340413070201475e-05	1.45480290317164e-05	4.4770031579874397e-05
0.033547	0.0004725769343561703	-0.0001007415424210244	0.0004831954234622294
0.033607	9.5353652861499e-05	0.00011261767435357802	0.00014756374788829337
0.033667	8.49607083079088e-05	4.501269778137803e-05	9.61481404798826e-05
0.033727	-0.00015095438575027012	8.979524149235223e-05	0.00017564285346096837
0.033787	0.00018936043473645475	0.0002737525738211049	0.0003328631038689308
0.033847	3.7149279805247405e-05	3.4986045852453514e-06	3.7313660020057834e-05
0.033907	0.00032663107165110093	-0.00020767867410820422	0.00038706367518444345
0.033967	-9.551497652749268e-06	-2.494104837499115e-05	2.6707433449399877e-05
0.034027	5.117217387045253e-06	5.62990200265491e-06	7.608003045857435e-06
0.034087	-9.866028055918483e-05	-0.0001480828838953135	0.00017793929150912668
0.034147	0.0003096183187771917	-0.00012276464510339082	0.0003330685536188852
0.034207	0.0002839112448697735	0.00034725131216734235	0.0004485410446831433
0.034267	-0.0002144022120658168	-5.2783411358735824e-05	0.0002208039787988002
0.034327	-0.00010983409130763195	0.00016713930988654385	0.00019999769129348309
0.034387	0.00019739559997479595	0.0002560439651795626	0.00032330099751513717
0.034447	-0.0003063940774768758	0.0003634082571264873	0.0004753345054386615
0.034507	0.00020671606857200622	-8.37650505534682e-05	0.00022304285843777077
0.034567	0.00029533325082760386	0.0001259120945225122	0.00032105386556066634
0.034627	8.492541011009404e-05	0.0004547827625730297	0.0004626442330948527
0.034687	-0.00025190622556231203	-0.00036829928301737813	0.0004462074723132337
0.034747	0.00023246948762487642	0.0003602364911863416	0.0004287334746189289
0.034807	8.423423157105124e-05	-0.0002569386175065669	0.00027039389588996157
0.034867	0.0003644774805976092	4.951943929404752e-05	0.000367826057710404
0.034927	-0.00021033958583709713	-0.00016526891560295526	0.0002675005716530309
0.034987	-9.129192668711608e-05	2.6887895216681115e-05	9.516919032664406e-05
0.035047	-0.00037447578444831553	-9.804594666927295e-05	0.00038709833478904967
0.035107	-0.00016903272729932903	0.0001837524640850901	0.00024967384916244566
0.035167	-0.00028612436921175043	5.838782633523583e-05	0.0002920210487635707
0.035227	0.00021768980479240272	0.00019809189437090314	0.00029432847250309894
0.035287	-0.00047493049831789377	-0.000164291458385604	0.0005025441886351403
0.035347	0.0001198391478286982	-0.0001151997556892154	0.0001662299764277295
0.035407	0.00025958517441002034	0.00010303137220568852	0.0002792846691676215
0.035467	4.479257440587398e-06	5.7969713795341126e-05	5.814250996244332e-05
0.035527	-1.2501023441667262e-05	8.397192261322802e-05	8.489734609780844e-05
0.035587	-0.00014293861802296032	4.139721962738719e-05	0.00014881256101281198
0.035647	-3.056381804722103e-05	3.660855046479127e-05	4.768996687728775e-05
0.035707	-0.0003583029123738363	-0.0006323286749066292	0.000726787816439397
0.035767	7.938662326958972e-05	-0.00043862206847364445	0.0004457483089213533
0.035827	-0.00018878504583668673	-0.00021162288246432851	0.00028359132200064043
0.035887	-8.890175845840686e-05	-0.00010464826792069468	0.00013731271840510044
0.035947	0.000138839973064388	0.00020326984279620596	0.0002461608561711514
0.036007	-3.50786895898155e-05	9.911041838961704e-05	0.00010513510116371016
0.036067	-0.0002099987453822042	-0.0001944065030640691	0.00028617016178438264
0.036127	7.14921221154414e-05	-0.0003015381635085592	0.00030989738233273893
0.036187	-0.0003322352975043744	0.0003333727778813642	0.0004706566709823176
0.036247	0.00013629401333912938	0.00018096854946047993	0.00022655170263301256
0.036307	0.00027792674987670474	-5.200450515520068e-05	0.0002827503260006356
0.036367	3.061284099371255e-05	-0.00014208055456586393	0.0001453410816646476
0.036427	0.0001477000866798415	-0.0004135246131144829	0.00043911037479968005
0.036487	-0.00029854564334494177	-0.00015521793952231143	0.00033648493266385214
0.036547	1.3486288060998563e-05	-0.0001862347286888584	0.00018672239859073396
0.036607	5.0881976856598585e-05	0.0002238674595767892	0.00022957703505838904
0.036667	-0.0007110338675413008	-0.00039985109856906725	0.0008157512254466002
0.036727	0.00012756109200478974	0.0003323722235629849	0.0003560100099571039
0.036787	-1.0389914813126386e-06	-0.00015932682116650122	0.0001593302088315976
0.036847	-0.0005515009953611367	0.00010540489641715318	0.0005614833390876664
0.036907	0.0005032458700005101	0.0003590902873615211	0.0006182250724048242
0.036967	-0.00016836991500269406	0.00015502304337506527	0.0002288680236627253
0.037027	-1.5675996793770285e-05	5.0786672123970464e-05	5.3150944873125025e-05
0.037087	0.0003430128258681345	0.0001559642629418593	0.00037680585189861444
0.037147	0.0003053124961887333	0.00010083176649494084	0.0003215319042699893
0.037207	6.396967207385932e-05	0.00014265697247159458	0.0001563429906967319
0.037267	-0.00015391411838354388	-0.00013857202595255846	0.00020710326461545722
0.037327	6.875558025136875e-05	-0.00022156242663485038	0.00023198542780102777
0.037387	0.0004675166070640128	-0.00017020017324775264	0.0004975337946855586
0.037447	0.00011651279740006008	-0.0001777265874440409	0.00021251346273234496
0.037507	-0.00024264078582524246	0.00031498226817879677	0.00039760329502275336
0.037567	0.00010706922624663808	-0.00019710343452028234	0.00022430689492020748
0.037627	0.0005049792856171041	-0.00012275606879492745	0.0005196856081597274
0.037687	1.4576543341921996e-06	-0.00012985292167401192	0.00012986110281156194
0.037747	0.0001447847156611042	-1.969289860701817e-05	0.00014611784334780297
0.037807	-0.00018123762708276256	-0.00023410688292249755	0.00029606267934725996
0.037867	-0.0006186276686414271	-0.0002372911260436537	0.0006625762378079918
0.037927	-0.0002315693840403928	8.14007781994064e-05	0.00024545970405815266
0.037987	-9.660830603217601e-05	-5.2723499490736454e-05	0.00011005876699725589
0.038047	0.0002779199960652222	0.00024361770419987306	0.0003695796396076358
0.038107	-4.100016193993727e-05	0.000166188148537006	0.00017117100803950137
0.038167	5.668967903948337e-05	0.0001801209183347067	0.00018883131342904366
0.038227	0.00023065716301897503	0.000360501444340057	0.0004279766561662321
0.038287	-9.359788888277213e-05	-0.00010367566134731568	0.0001396753648970177
0.038347	-0.0003115100350480326	0.0001593781584730627	0.0003499141313720999
0.038407	-0.000367243386073551	-9.32368495461129e-05	0.0003788941999134478
0.038467	1.4358604888047298e-05	-0.0003435137842456815	0.00034381374245530047
0.038527	1.4133331797688057e-05	0.00034320267319759145	0.0003434935602855988
0.038587	-0.00021647897874245995	6.528868714203552e-05	0.00022611006369931662
0.038647	-5.584704427434958e-05	-7.00610910115103e-05	8.959603131782285e-05
0.038707	9.28647349279705e-05	0.00026956534296699333	0.0002851128427871234
0.038767	0.00010955288206235315	-0.00022872153887004297	0.00025360476397585366
0.038827	-0.0003016986283707299	-3.113277130267193e-05	0.00030330069536643707
0.038887	0.00036152748928289593	-5.8967183672671805e-05	0.0003663048651840172
0.038947	-8.927330027282815e-05	-0.00042764416961031654	0.0004368629738754473
0.039007	-0.0004056174557362254	-0.00018311981008591876	0.0004450375099290303
0.039067	8.114550725113042e-05	0.0002560322741260482	0.0002685835414562835
0.039127	-0.00013587382787251138	-0.0002439938926588343	0.0002792753421903545
0.039187	-0.00016859984677802882	0.0002221288474873371	0.0002788675908377082
0.039247	-0.00014900738568552482	-0.00029623969259528533	0.0003316039150217981
0.039307	0.0004098960043516195	0.00010745289258567151	0.0004237462194621337
0.039367	-0.00021923705696872824	0.00023411051225892082	0.0003207376172176312
0.039427	0.00010194543320168482	-0.00032263823322608686	0.0003383611988540205
0.039487	-0.0001310254848140907	0.00013066829814264492	0.0001850456208891814
0.039547	-0.00039716158291369175	0.00033637077493193693	0.0005204638519348111
0.039607	-0.00014683364065237378	0.00015026284951477902	0.00021009293651032526
0.039667	0.0002967628775440384	-0.00015872256478058707	0.00033654280271422474
0.039727	-0.0002634068677586875	-8.692071616468389e-05	0.00027737770076382174
0.039787	-3.34623573813131e-05	0.00030317852424457866	0.00030501958449357855
0.039847	-9.183649062369374e-05	3.0205107323439303e-05	9.667620968209435e-05
0.039907	0.00020829469488048357	0.00014378743203241067	0.00025310374459068926
0.039967	7.17579460904735e-05	-5.271801689915511e-05	8.904151915203887e-05
0.040027	-5.8652825434347765e-05	-0.00017376036015490472	0.00018339252081967322
0.040087	-6.639965978431879e-05	0.0001624637192378436	0.00017550890258920246
0.040147	-0.0005008578021581623	-0.0001093309518066944	0.0005126517287649215
0.040207	2.8153277023148886e-06	-0.0004554300253855456	0.0004554387270454173
0.040267	-0.00012792901307920345	0.0002736165794942635	0.0003020461305190974
0.040327	0.00029724437496884276	4.753921512200008e-05	0.0003010219185126455
0.040387	-0.00035250218698031554	-0.0001444310551746841	0.0003809437248791191
0.040447	0.00024470893271775855	-4.292897039784689e-05	0.0002484458859616792
0.040507	0.00011827590033423988	-0.0002476462795200144	0.0002744410107108268
0.040567	-0.00028877073302576253	6.569392541130523e-05	0.00029614899643284686
0.040627	8.325104519328136e-05	0.000312888798434912	0.0003237748240858402
0.040687	-0.00010915421943848865	0.00022809213772478063	0.00025286491831229973
0.040747	0.00021860548498044087	-0.00019334883771377943	0.00029184264785805925
0.040807	-0.0001430016613541207	-8.463984382470214e-05	0.0001661727363700453
0.040867	-9.54775789963496e-05	0.00015362874120235337	0.00018088050811080735
0.040927	0.00010607962454202156	-0.0001320910702996807	0.00016941351066515164
0.040987	-0.00018699845542489104	-0.0003541644156692036	0.00040050075612613195
0.041047	0.0001697693360898219	3.106475944646467e-06	0.0001697977551947421
0.041107	-0.00034913250744212705	0.00012772178088638818	0.00037176116131949213
0.041167	7.116446111522143e-05	-0.000378039179719806	0.00038467908953963647
0.041227	0.00015228325112861334	-7.75528153202196e-05	0.00017089361526514794
0.041287	0.00017597509295314153	3.453271594411393e-05	0.00017933137430562355
0.041347	-4.421361337203405e-05	0.00023742936528466075	0.00024151096684599764
0.041407	-3.571349637542263e-05	0.00022750166027086854	0.00023028777485867332
0.041467	-0.0001943344552914146	2.0781799542866542e-05	0.0001954424818345559
0.041527	0.0003285496155698034	-7.479010185263503e-05	0.00033695461003849334
0.041587	1.652310440011891e-05	-0.00017733494427362624	0.00017810304724947117
0.041647	-0.00020644762775516345	6.176362353985945e-05	0.00021548867301672265
0.041707	-4.3694210537741096e-05	-0.00029429861711196447	0.00029752455372377437
0.041767	2.6501879605746038e-05	-6.343808390508583e-06	2.7250569306584126e-05
0.041827	6.754649012404975e-05	0.00010712190741582784	0.00012663977012172575
0.041887	0.00029764070647751305	-0.00019170405333664885	0.00035403450992542207
0.041947	-0.0004891871063129797	0.00038575010430960503	0.0006229824780503362
0.042007	0.0002015143519801822	-0.00025831787707286994	0.00032762197678029337
0.042067	-8.729195203380557e-05	9.020651875349785e-05	0.00012552729151661551
0.042127	-4.100462904524508e-05	-3.824689882974266e-05	5.607320994227749e-05
0.042187	-0.0002827877510040395	0.0001006379669956877	0.00030016147740665817
0.042247	0.0003186763116422584	0.0004421090842943463	0.000544990856820093
0.042307	-2.2013705405771366e-05	0.00034320955873597993	0.0003439148214797352
0.042367	-0.00025969524965007335	-0.00010952637816608381	0.0002818468559430705
0.042427	0.00015698575776349095	2.2756794066049687e-05	0.0001586266050091915
0.042487	-0.00016492286189428545	0.0006027762837208944	0.0006249310350684896
0.042547	-0.00017176966378827578	9.747100825956216e-05	0.00019749788568253822
0.042607	-0.00011755482241100363	-9.196819882724061e-06	0.0001179140270198498
0.042667	0.0002469685243947637	-0.00011944253776427438	0.00027433550967619394
0.042727	-1.6962370372595424e-05	0.00012953677646660553	0.00013064263647835812
0.042787	0.0001600617093511439	-0.0002502072313031817	0.00029702425725319797
0.042847	0.00020587987734864844	-0.0003124085419163362	0.00037414652338273267
0.042907	-0.00034591545794773277	0.00012486496332428926	0.0003677618293313837
0.042967	5.989433657491118e-05	-0.00012919032519510148	0.00014239898762900252
0.043027	-0.0002834923064295926	0.00021094401564387976	0.0003533627959204753
0.043087	-0.00021774533571177715	-0.0002563183779206259	0.0003363214862064203
0.043147	0.0001939036395094339	-0.00022545082724643274	0.0002973662672885164
0.043207	0.00019564988014260143	-9.345020920052013e-05	0.00021682208651204168
0.043267	-0.00015537873268158865	-0.0001972982486921395	0.0002511357192968015
0.043327	0.00037159606284489885	-2.502283206114676e-05	0.0003724376136297063
0.043387	1.0988189397534301e-05	-6.924859592124425e-05	7.011496518789587e-05
0.043447	-2.790138655338456e-05	-8.798024401783972e-06	2.925564227590594e-05
0.043507	0.00028697953661089014	-7.284625682064266e-05	0.0002960807855403323
0.043567	-0.00031917929345781117	-0.00013076961727350594	0.00034492914370068346
0.043627	8.606574533599171e-05	0.00019802480027317123	0.00021591927668336873
0.043687	0.0003406856806288705	0.00017774157203023707	0.00038426397100604773
0.043747	1.556188290421577e-05	-0.000321941735869508	0.0003223176282709287
0.043807	0.0003580826753681495	8.638109485696133e-05	0.00036835430762717963
0.043867	-0.00014057757298458872	0.00021542581545284643	0.0002572359539212223
0.043927	-0.00027786565622888945	4.4364696913905936e-05	0.0002813850551180252
0.043987	0.0001483324824159712	0.0002550270577942043	0.000295027669120801
0.044047	-0.0001245628909010841	-0.0002690731229788771	0.000296506760967168
0.044107	2.001013053610862e-05	-0.00033037655889424133	0.0003309819874115089
0.044167	-0.0001819431309482978	-0.00013001127191291105	0.0002236207363454524
0.044227	-3.981892954918681e-05	2.102778862770611e-05	4.503015706184677e-05
0.044287	5.779797895887544e-05	-2.7124277633725735e-05	6.384616518540516e-05
0.044347	-0.0003092123193281453	-7.599096656208542e-05	0.00031841307357476843
0.044407	5.641867988337048e-05	-0.00030721817268593407	0.0003123556835856627
0.044467	-0.00010580713478982549	0.0004285924805247656	0.00044145969706735843
0.044527	-1.017029439525212e-05	-0.0002206391949403509	0.00022087346882777086
0.044587	-0.00030923611947870206	-0.0005428356839201276	0.0006247379909428263
0.044647	2.0147061541468247e-05	-0.0002582654320644226	0.0002590500675317005
0.044707	-0.00016263152048615797	-0.0004587673505982941	0.000486740683969008
0.044767	5.685543017099272e-05	0.0002702344349231686	0.0002761506649605843
0.044827	0.00012621235328762363	0.00011865264478679438	0.0001732281970041284
0.044887	-8.01529283044179e-05	-0.00020305718862559583	0.00021830417716641145
0.044947	9.23220170712574e-05	-6.659010077831641e-06	9.256185635196717e-05
0.045007	-4.8740526698396375e-05	-8.737149010524086e-05	0.00010004707005228735
0.045067	-0.00010660639862292796	-0.0002736621133593582	0.00029369350778602653
0.045127	0.000360369968400142	0.00019244899489335125	0.00040853779477568596
0.045187	-0.00027223403569173526	0.0002553989454414001	0.0003732827233098101
0.045247	-7.01892387895454e-05	4.114138380309414e-05	8.13581139351775e-05
0.045307	9.957126960580106e-05	-0.0004065680885559918	0.00041858338280799433
0.045367	-9.89352931360642e-05	0.00010501654183685467	0.00014427981940413843
0.045427	-8.611693091807158e-05	-0.0002440825526276261	0.00025882893634206704
0.045487	-9.649207759520351e-05	0.0003178894076605129	0.0003322113732872349
0.045547	6.295625887305166e-05	-0.0004330410209190971	0.0004375934372564842
0.045607	0.00026727516562310424	0.00030350121595771907	0.0004044119214942505
0.045667	3.3956092164957007e-05	5.408343917951503e-05	6.385949098293343e-05
0.045727	0.000113863689610271	-5.817271922747056e-05	0.00012786322799766264
0.045787	-8.329366703654466e-05	6.469449909065136e-05	0.00010546664487403141
0.045847	0.00030148502251116393	-5.506677931455315e-05	0.0003064727866917954
0.045907	0.00028487064810917684	7.140648919814704e-05	0.00029368379739738373
0.045967	-8.336350259653696e-05	0.00031211337284044584	0.00032305453265819064
0.046027	-7.7822104137556e-05	-0.0004284464749265484	0.0004354568426025501
0.046087	2.0752833795737295e-05	-6.138669922869191e-05	6.479974500526511e-05
0.046147	0.00017219695665768038	-3.7922426294558776e-05	0.00017632328915442026
0.046207	0.00014644967334919844	6.953340004738117e-05	0.00016211847688106396
0.046267	-7.935184645987265e-05	-0.0004586801950594361	0.0004654935411757649
0.046327	0.0004507129583933558	0.00010680053292168579	0.00046319383058936246
0.046387	-0.00021395211910820084	-0.0001250337188465192	0.00024780827290363044
0.046447	-0.00044754852915221237	-0.00042576269123217224	0.0006177164035312408
0.046507	-0.00015240029349321784	0.0001460976857600621	0.00021111698946618386
0.046567	1.9682993058687927e-05	0.00029713018736243096	0.0002977814105309156
0.046627	0.00023452806599607554	5.572949286789604e-06	0.00023459426997182324
0.046687	0.00014522681826007155	-8.55087644669337e-05	0.0001685306427407354
0.046747	9.103523324678712e-05	-0.0004808803993549141	0.0004894214668116209
0.046807	-0.000258268335552914	0.00011830757440646261	0.0002840760731058025
0.046867	-2.212934260437944e-05	-0.000218831692561163	0.00021994776078261257
0.046927	-4.243971087533858e-05	-0.00026899953193112124	0.0002723267839165745
0.046987	2.373288042099454e-05	-7.329382093923856e-05	7.704046859248969e-05
0.047047	-2.874385103133993e-06	0.00022572424843319007	0.00022574254898102312
0.047107	-0.0003577298700285743	-5.633702794523776e-05	0.0003621388140318063
0.047167	-6.307971410050332e-05	0.0002974614022028747	0.0003040762011922367
0.047227	0.00016730616846858645	-4.452962745216192e-05	0.00017313070706453942
0.047287	0.00013664549198363525	4.751937448573651e-05	0.00014467232434355021
0.047347	-8.20748143402074e-06	0.00018731040596464644	0.00018749013556486232
0.047407	3.280526769397038e-05	0.00010540358645584421	0.00011039067726138688
0.047467	-0.0002602446297500044	-0.00013560997995931614	0.00029345755055592453
0.047527	-0.0003870153070184737	0.00023002967134183488	0.00045021605653756513
0.047587	0.0001021301569340791	-4.145397044490214e-05	0.00011022250505693675
0.047647	2.8892254432632776e-05	-1.744566184584095e-05	3.3750755301762046e-05
0.047707	-0.00048218301372157375	3.4888768819859307e-05	0.00048344356952118516
0.047767	-5.6534743114469466e-05	3.3584977359919256e-05	6.575810127494057e-05
0.047827	0.00011040807586787077	-0.00036632239219145854	0.0003825990567653275
0.047887	6.500601288009027e-05	0.0006294124206069157	0.0006327604419721759
0.047947	0.00015968811026807975	-0.0004174161698274619	0.00044691895394402206
0.048007	-0.0002827306144216545	-0.00021018472115113542	0.00035229847762462276
0.048067	-0.00015813436546015664	0.0003839855150975215	0.00041527262532485245
0.048127	0.00022641600369836506	0.0002787561809142063	0.0003591228412794315
0.048187	6.895376127411578e-05	-8.510180835483816e-05	0.00010953053902501964
0.048247	-0.00015144271989505495	-0.0003072730418576356	0.0003425662266798295
0.048307	8.629688486945516e-05	-0.00017649949281757456	0.000196466850392205
0.048367	7.632981560499506e-05	-4.2280383317760733e-05	8.725750147574321e-05
0.048427	-0.000157927910835683	0.00019431793883388282	0.0002504010510632335
0.048487	-0.0002830527978083231	-0.00019732663853751206	0.0003450459224851576
0.048547	-0.00025464607310690337	0.00013700785309078754	0.000289163922987141
0.048607	4.094144539440467e-05	-3.8487765787939896e-05	5.6191725959702784e-05
0.048667	9.350773404903599e-05	-0.00018608448992873136	0.00020825737374465607
0.048727	-0.0001820568962021584	-4.369175867028553e-05	0.00018722628883376916
0.048787	-1.5029588382725132e-05	-0.0003945393486918603	0.00039482551360461935
0.048847	-1.7148286273114323e-05	0.00010454713681992492	0.00010594417180453478
0.048907	2.5981163581231413e-05	0.00036112113613829167	0.0003620545481372183
0.048967	0.00041444497265693175	0.00020658205708366613	0.0004630775115134873
0.049027	-8.228956910721197e-05	0.00020642344182329717	0.00022222108477376032
0.049087	-8.602223558649569e-05	6.128604223632758e-05	0.00010562103951529492
0.049147	7.158340205432439e-05	0.00020938354345302504	0.00022128183775135246
0.049207	-0.0006880612519136495	-0.0002822217459023754	0.0007436917373785751
0.049267	6.340287661076049e-05	-0.00028706690082998243	0.0002939852552674203
0.049327	-0.00034482635111579134	-3.696898333313888e-05	0.0003468024194732743
0.049387	-0.0002283023421524728	8.652136641187548e-05	0.00024414730446614143
0.049447	-0.00011642310342955346	0.00020189016218066149	0.0002330535916854797
0.049507	6.276152163131409e-05	-0.00020903602620487855	0.00021825459639834526
0.049567	-0.00023376619989097888	-1.7475346400155513e-05	0.00023441848037915978
0.049627	-1.1124383584994907e-05	0.00029034409010499773	0.0002905571244506752
0.049687	1.891654293027572e-06	0.00010257611366609459	0.00010259355462602847
0.049747	-9.946285518324311e-05	0.0006236951906104741	0.0006315762427069581
0.049807	0.00014582219810859066	-0.00028835611559097665	0.00032313056627304346
0.049867	0.00021157253562932872	-0.00013434069835444208	0.00025061995344940666
0.049927	0.0003645986332207213	-0.00039600964284126856	0.0005382896994831752
0.049987	-0.0002035237784790583	0.0002641713681213586	0.00033347929492174346
0.050047	-2.6226690411422243e-05	0.0004331039755532076	0.00043389732994100115
0.050107	0.0005452855741307401	-5.374888725721125e-05	0.0005479281889412875
0.050167	0.00015913664436778118	0.0002984546497414589	0.00033823017241655805
0.050227	0.00010642836346686189	-1.197452354647911e-05	0.00010709988685521402
0.050287	0.00024410846281998165	-8.963115473783153e-05	0.0002600436223405055
0.050347	0.00012423363391571074	0.00015411092750078836	0.00019794992743382372
0.050407	-5.307525262442667e-06	0.0004211808562714721	0.00042121429642639374
0.050467	7.590854346232155e-05	8.815713503291145e-05	0.00011633480746441344
0.050527	6.294652388872288e-05	7.535820918755728e-05	9.81892283380881e-05
0.050587	-9.53579650358322e-05	-0.0001521577642549303	0.0001795692811113135
0.050647	-9.22708102394642e-06	-0.00019080513931891087	0.00019102811367631588
0.050707	9.372238204268901e-05	-0.00011710251262691582	0.00014998961083786014
0.050767	-0.00017674396067566427	1.7471089393598476e-05	0.0001776053675988422
0.050827	0.0003734064459965508	-0.00035067794160048744	0.0005122571547933029
0.050887	-0.0007040641973624635	0.00015909893450781674	0.0007218163651297832
0.050947	-0.0003727209621743513	-0.0002409491650233008	0.0004438213782250693
0.051007	6.771086251602169e-05	0.00021635706465565496	0.00022670496317697778
0.051067	-0.00011351496458602661	0.00024779278097254097	0.0002725562501339357
0.051127	-3.460105590498748e-05	6.879841750902989e-05	7.700944955969273e-05
0.051187	0.0004469650797408826	1.80696039334024e-05	0.00044733018352675864
0.051247	7.385522581805865e-05	-5.4511704405218786e-05	9.179390120154162e-05
0.051307	-0.00011448840353051406	0.0002835291759790027	0.00030577179100482456
0.051367	-0.00016888874716951735	-0.00041475488486583743	0.00044782253565509993
0.051427	0.00013822395699587242	-0.00015153894182272845	0.00020510951507999103
0.051487	-0.00032719178365751177	-0.00013446405501979402	0.00035374432205386726
0.051547	-8.20090194808848e-05	0.00019595657673575473	0.0002124251850469051
0.051607	0.00035715710073573305	8.276754863108993e-05	0.0003666219602156347
0.051667	0.00012042005100296643	9.101418301073766e-05	0.0001509455868605276
0.051727	-0.00031014837073767195	-0.00023920341056006322	0.00039167624831587446
0.051787	-2.999733631869043e-05	0.00012204633721817022	0.0001256787516431793
0.051847	0.00023063301915311697	0.00010879592364664055	0.0002550061617408639
0.051907	-0.0002622928861913893	-3.5425464958107166e-05	0.0002646743692050803
0.051967	-0.00042438629201370826	-0.0004026351171605895	0.0005849946687108064
0.052027	1.8315603007112752e-05	-0.00026868894192255883	0.0002693124743211468
0.052087	1.104658040325127e-05	-8.100387758545794e-05	8.175362452200728e-05
0.052147	-0.00032577705675105673	0.0001662002163400177	0.00036572284945960093
0.052207	-3.13077202539776e-05	0.0002464891582816096	0.00024846947196361513
0.052267	-2.3393869295025487e-05	0.0002896188182792988	0.00029056209839222017
0.052327	4.3222853028566485e-05	-0.00020350599648383166	0.00020804544125937094
0.052387	-0.00020389710326403028	-9.250625079656731e-05	0.0002239005028040358
0.052447	-0.00023449995754195972	0.00017111235361675422	0.0002902923830338062
0.052507	-0.00020701263923665722	0.0003275372792691677	0.0003874724533625264
0.052567	-5.3258338408153426e-05	-0.0003299843679048394	0.0003342545940919194
0.052627	-3.454669648142194e-05	0.00038591691545840346	0.00038746011391459125
0.052687	0.00019892217846302892	-6.553917115239984e-05	0.00020944072201895382
0.052747	6.459580420737707e-05	0.00033034562457916064	0.00033660191562109913
0.052807	0.00011867230770566889	-0.00011004957346817509	0.0001618456834046439
0.052867	0.00012681214970441726	-0.0002560922924580368	0.0002857701586398905
0.052927	2.8008409049655544e-05	-3.426570442153606e-05	4.425618009947201e-05
0.052987	-0.00014818474219450338	-0.00039328524585134834	0.0004202761026082817
0.053047	-3.227258533418712e-05	0.00010235416555408414	0.0001073214562444307
0.053107	4.64103885993931e-05	1.8971631914858776e-05	5.0138278664704525e-05
0.053167	-0.0003957012580051156	8.867457131924174e-05	0.0004055153082011607
0.053227	0.00047657101902757163	-0.00028728237511548645	0.0005564630259316185
0.053287	5.6592147854677154e-05	2.4017644627833633e-05	6.147778828385538e-05
0.053347	-0.0001347860125675306	1.8671233132219792e-05	0.00013607308378416438
0.053407	0.00020404836285605602	-0.00014822618937535996	0.0002522037620674537
0.053467	0.0007595177741397492	0.00021210089731665648	0.0007885772250558153
0.053527	0.0003364961514512894	-0.00031412523513133796	0.0004603306673336542
0.053587	-0.00014424066710714848	7.501855584117203e-05	0.00016258275975025848
0.053647	-0.00013464499898337322	-0.0004958556140503132	0.0005138113133597252
0.053707	-0.0002737377228105082	-0.00016974832160272926	0.0003220975528879818
0.053767	-0.00017210267591911824	0.00043349034168059996	0.00046640455335350697
0.053827	0.00010149648066778616	0.0002945763230952507	0.00031157141350942935
0.053887	0.00010500279000107933	-0.00017263248283667915	0.00020205830851110056
0.053947	4.8250259229375454e-05	0.0002504550906756975	0.00025506046334364285
0.054007	-6.768437502088702e-06	0.0003607991671891282	0.00036086264809562674
0.054067	-0.0001485968732043054	8.811183873722787e-06	0.0001488578774783282
0.054127	-5.8597930268702885e-05	-0.00033768602206679047	0.00034273250054680935
0.054187	-0.0003086397873204827	0.000150079673279683	0.00034319444437369497
0.054247	-0.00021589667396717524	-0.000290341477606372	0.00036181424439723234
0.054307	-5.150300332242619e-05	5.4832574928329844e-05	7.522745924528323e-05
0.054367	-0.0005042552821713725	0.00015351924220088513	0.0005271067703261499
0.054427	-0.000145974878352048	-0.00032899848969533674	0.00035992870312286546
0.054487	-0.00016718215931237	-3.583174292380086e-05	0.00017097891154555878
0.054547	6.939352308500422e-05	0.00011730006005957705	0.00013628927006969184
0.054607	3.3236191386363156e-05	0.00025015196110562895	0.0002523502487870045
0.054667	0.0001109435256147736	-6.921099612047408e-06	0.0001111591988801458
0.054727	0.00023818942241221865	-9.440017244657761e-05	0.00025621396040616116
0.054787	-0.0001856243867785472	0.00014360707632673494	0.00023469001968133275
0.054847	2.015959634588719e-05	-0.00019312185975878734	0.0001941712183654463
0.054907	-8.384495374460314e-05	0.0004861944568045738	0.0004933710835627978
0.054967	4.2180351751829154e-05	0.000556824783801813	0.0005584201123973275
0.055027	0.00011476757540645227	0.0001434253611999748	0.00018369112825615435
0.055087	0.0002468448390141371	0.0002702991661610144	0.0003660519277032358
0.055147	-0.00013642805726722944	-0.00015359250029160242	0.00020543434706868352
0.055207	2.3661084249745014e-06	-0.0001488644859309098	0.00014888328865441137
0.055267	0.00026300090397910283	-0.00024777343503851136	0.00036133246547273974
0.055327	0.00025988929877814916	5.5512488891120634e-05	0.0002657519219917043
0.055387	-0.000192150917632784	0.0003420850824908941	0.0003923572081788772
0.055447	0.00014311427151454312	-0.0001751515835419239	0.00022618526019257292
0.055507	-0.00024016085840133128	0.00027976030196417577	0.0003687045761353541
0.055567	-8.194494610091259e-05	0.00014110949700009862	0.0001631774014228144
0.055627	7.307234296055758e-05	0.0004228118058704427	0.00042907970179113607
0.055687	-1.807366426051255e-05	-0.00013823749689670622	0.00013941399817833427
0.055747	-0.00010389843860206378	-0.000253958763582286	0.00027439012216949474
0.055807	-2.4990531572039956e-05	0.0006505303551749812	0.0006510101916808524
0.055867	-0.000169289528015767	2.7687700892484297e-05	0.00017153878009509347
0.055927	-0.00021404951748520162	0.00016952173140131517	0.000273047273110257
0.055987	-9.723048146263914e-05	-6.518443606633828e-05	0.00011705886224777327
0.056047	-0.0004029155948733713	2.599564516492193e-05	0.0004037533283574307
0.056107	-9.499085720389937e-05	-0.00013136559331440183	0.0001621116345583389
0.056167	-7.252949651902478e-05	-0.0002764748060975636	0.00028583010036031657
0.056227	0.00018064465113138924	-0.00038702602386281185	0.0004271084559329622
0.056287	0.00017477191460763154	-0.00021743377480663	0.0002789671460266917
0.056347	-0.00034757681544325854	0.00022328756929342394	0.00041311860431919866
0.056407	-3.151108750805662e-05	-2.356235477631058e-05	3.934632382504276e-05
0.056467	0.00010835648272344091	0.00018293797769103115	0.0002126203918486643
0.056527	-0.00011396599103808773	0.00014749310558314163	0.00018639330274409878
0.056587	-0.00014869750058458766	-0.0003953075874719734	0.00042234942333690403
0.056647	-0.00017620648066169348	-0.0003105705964179948	0.00035707536905618225
0.056707	0.00047144281719967574	0.00034143837038501964	0.0005820983513637062
0.056767	-0.0001749526367501023	4.2932798195151144e-05	0.0001801434158293853
0.056827	0.00013617000889708765	-0.00015667467164328616	0.0002075794403537221
0.056887	0.0001356648697514296	0.0001448280195512746	0.00019844422927315557
0.056947	-1.3107906532617197e-06	8.728561676092857e-05	8.729545844700269e-05
0.057007	-1.525335265982361e-05	-2.2316267667845107e-06	1.5415736290919646e-05
0.057067	0.00011405815432648933	0.00023835060706001716	0.0002642352634571017
0.057127	9.991990874268439e-05	0.00014727550990577387	0.0001779720876462151
0.057187	-9.366196890225496e-06	5.108019534613885e-05	5.193180143983236e-05
0.057247	-0.00010634646898603478	0.00017404727458354802	0.0002039657452999366
0.057307	6.122126432624224e-05	0.00020694174082857018	0.00021580761641532196
0.057367	-0.00011383083583714147	-5.736992349560826e-05	0.00012747065273730341
0.057427	-8.763865082418918e-05	-3.590055052954082e-05	9.470682470977616e-05
0.057487	-0.00030461162328494713	0.00011257688077551939	0.0003247488185127639
0.057547	0.00010407463172970875	-0.00010493773072449583	0.00014779531893561884
0.057607	-9.953163752033297e-05	0.0003300668989058872	0.0003447473054584011
0.057667	3.087548973687565e-05	-5.124548811513752e-05	5.9828052940494515e-05
0.057727	0.00039313519618865335	0.0002194404727041402	0.00045023261048363376
0.057787	-1.3343176357094412e-05	0.000349991219805836	0.0003502454771963137
0.057847	8.367667261520887e-05	0.00018992814210346345	0.0002075439343917963
0.057907	0.00016662616972933214	-0.00010377701924070146	0.00019630066266101376
0.057967	-6.540871568331088e-05	-1.604865274363835e-05	6.734878872129839e-05
0.058027	0.0003545228745856574	5.8077073643986525e-05	0.0003592484030410251
0.058087	-2.4268111166641656e-05	-4.165981067700174e-05	4.8212872194468e-05
0.058147	8.298623312130664e-05	-6.687190386409954e-05	0.00010657657535346695
0.058207	-0.0004618826802188565	-0.0001153670883197074	0.0004760726576411647
0.058267	8.74432346818144e-05	0.0003146226357264643	0.00032654819277265387
0.058327	-0.00010206987216887337	6.440806333416395e-05	0.00012069240832391997
0.058387	-0.00019602005742860095	-0.00043438735016226886	0.0004765671336709127
0.058447	0.00029244560261203613	0.00010604690503955966	0.00031107937340104426
0.058507	-0.00022908117991047206	0.00028118504236717643	0.0003626888680952379
0.058567	0.0002789385717562276	0.00011972180130989822	0.00030354577335599796
0.058627	0.00020344974893107972	0.0003030601918792265	0.00036501682186166836
0.058687	-2.2251051931536377e-05	0.00020614800149793548	0.00020734538295716338
0.058747	-0.00015759352954333717	-0.00010295028550804026	0.00018824048937493147
0.058807	-7.712067228028154e-06	0.00021186281657542845	0.00021200313447730735
0.058867	-3.500775593227974e-05	1.7286008047645758e-06	3.5050407075472036e-05
0.058927	0.00034100474824796684	-0.00013583826293071292	0.0003670643976248483
0.058987	9.253464025296086e-05	4.248758680081504e-06	9.263213047893507e-05
0.059047	0.00015837017402880617	-0.0001653410017692366	0.00022895143347000265
0.059107	-0.00018020453662344636	-0.0003426028768511849	0.00038710516174081063
0.059167	0.00028873739806331886	9.96454790861945e-06	0.0002889092889738899
0.059227	-3.189425874701598e-05	3.671946096907332e-05	4.863704919997619e-05
0.059287	-0.00011070308393507887	9.885656817804945e-05	0.00014841763326733942
0.059347	1.0046526109522259e-05	-0.0002660254304944086	0.00026621506786169097
0.059407	-0.0002654623242765344	0.00020839285434157335	0.0003374875217706991
0.059467	-0.0002113669881687758	-0.0003946028746863968	0.0004476465485160224
0.059527	3.89299920002193e-06	1.2751054401526395e-05	1.333209777649628e-05
0.059587	7.789245899293131e-05	0.0002072782281295076	0.00022143057382501108
0.059647	-0.0005401944513983091	-5.378208056200942e-05	0.0005428651374983464
0.059707	5.364723556402411e-05	-0.00011899220086681143	0.00013052650976253633
0.059767	-0.0003737893090984135	-5.52184431793321e-05	0.0003778458998896487
0.059827	-5.22011600745889e-05	0.000184519904643077	0.00019176171756276873
0.059887	0.0001060866774624301	-2.940495794249885e-05	0.00011008648730256497
0.059947	0.00019464649954275032	-0.00024386175283315023	0.0003120189325651608
0.060007	-0.000431795071854884	-0.0002748198511887033	0.0005118329167663461
0.060067	-0.00010622040437076273	-4.903344087930239e-05	0.00011699167760636818
0.060127	8.611777974892111e-05	-0.0002545508260068118	0.0002687236405857026
0.060187	-0.00011074131732411791	1.84506277810682e-05	0.00011226782721775862
0.060247	5.7902037372702625e-05	6.983362428520938e-05	9.071593582561797e-05
0.060307	8.008573090720283e-05	0.00015213937644550918	0.0001719305503980292
0.060367	6.22526757834697e-05	-2.8689419258415622e-05	6.854544784000571e-05
0.060427	0.00012027372194410967	-4.9560799163786965e-05	0.00013008474547018277
0.060487	4.007057431562851e-05	6.267497834021139e-05	7.438954117300547e-05
0.060547	0.0001710473816411238	-3.9889604931425146e-05	0.0001756370898980891
0.060607	0.00015230489859624716	0.00011228906024482978	0.00018922371729537536
0.060667	0.00018692552549335763	7.228058223786014e-05	0.00020041365883994024
0.060727	3.268540583706128e-05	0.00013776604992711832	0.0001415903254719568
0.060787	8.769053272397292e-05	0.00010925472037778095	0.0001400936238886027
0.060847	0.0001715849773500777	0.00047392973169880267	0.0005040345177071961
0.060907	0.0005333081399572436	-0.000319089743695234	0.0006214787499795509
0.060967	0.00014341816650824396	-0.00012433956476572136	0.00018981332369123988
0.061027	0.0002295112384603597	7.961680375630863e-06	0.00022964929116810223
0.061087	-4.646577562733808e-05	7.18436754727223e-05	8.556039977746694e-05
0.061147	-3.734529679813429e-05	-6.404265893276514e-06	3.789044489805476e-05
0.061207	-2.602111656351645e-05	-0.00029051272840342583	0.000291675751257479
0.061267	0.0001192173225515278	-0.0004520250397992618	0.00046748198532336967
0.061327	2.6245712867070025e-05	0.00011866154982800769	0.00012152942380956735
0.061387	-1.8885716953987328e-05	0.00011180577729631	0.00011338960332278349
0.061447	7.861646293843893e-06	7.756153481175249e-05	7.79589453802718e-05
0.061507	-0.00010164710513908254	-0.00038701235042782353	0.00040013834278512247
0.061567	-2.1855031739852307e-05	7.090415882957369e-05	7.419597126313103e-05
0.061627	-0.0004135225786992469	0.00018900809593788478	0.00045467019192392576
0.061687	-0.00032783856280943084	-0.00017650681146911564	0.00037233422856346025
0.061747	0.00023786969695532977	-0.00013400006662775077	0.0002730165024057375
0.061807	-3.121203329406702e-05	3.428275444185292e-05	4.636268191628192e-05
0.061867	0.00019714277526367325	0.00014519715722583184	0.0002448417617669137
0.061927	-0.00031332647734689275	-4.164368781923715e-05	0.00031608175863500726
0.061987	6.748451927087403e-05	-0.000222953414599979	0.00023294288017239567
0.062047	-0.0005952155530061505	9.681184249324588e-05	0.0006030373847344413
0.062107	0.0003135943244262021	-6.0696031665221385e-05	0.0003194141646393153
0.062167	0.0003200516345062302	-0.0003136333410248381	0.0004481059264867091
0.062227	-0.0002826893204581198	-0.00013264571250467551	0.00031226292919100495
0.062287	-8.79644867612669e-05	0.0001087877868781014	0.0001399018709846595
0.062347	1.9952027254330182e-05	8.007351314366823e-05	8.252182074292073e-05
0.062407	7.058500362326917e-05	-2.342229489329272e-06	7.0623854153378e-05
0.062467	-0.0003580783489331835	-0.00015826450534573702	0.0003914942625723212
0.062527	-0.0001562811126358421	0.00010500967553164254	0.00018828387642588415
0.062587	3.750761654334509e-05	0.00015072188670187952	0.0001553187317413351
0.062647	9.759755906772588e-05	-0.00017307455833395335	0.0001986959644242209
0.062707	-0.00012451403930307443	-8.350599814878587e-05	0.00014992330609479165
0.062767	-0.00018550790250861782	-7.495075800821839e-05	0.00020007698023299274
0.062827	0.00025946186478033946	0.0002789679931377658	0.00038097716528763726
0.062887	-0.00012422843094151028	-4.371696059361885e-06	0.00012430532885047618
0.062947	-0.00015993215889692638	4.206073250800153e-05	0.00016537049515721164
0.063007	0.0001559320613055378	0.0002952895256334649	0.0003339321962492247
0.063067	6.645503434298215e-05	1.8195581197415266e-05	6.890102150649633e-05
0.063127	0.00036741018834799777	-0.0005294553885787627	0.0006444480235030594
0.063187	-0.00015954762634595525	0.00024396422555131753	0.00029150298183977925
0.063247	-1.8509250279228317e-05	-0.0003154751389876616	0.000316017650875997
0.063307	0.00014355947595572825	0.00027782957664332093	0.0003127276719359677
0.063367	-0.000130109515437969	0.000141094373542737	0.00019192735149769688
0.063427	0.00015052311938542533	-4.357635824090848e-05	0.00015670388784921386
0.063487	-0.00026952980155149707	0.00010517032873467121	0.00028932181385189087
0.063547	2.0033449124022724e-05	-0.00015312920040663058	0.0001544340995408036
0.063607	-0.00031014246218398673	-0.00015516157658325126	0.0003467902272229507
0.063667	0.00018140541448836539	0.00010817820538316746	0.00021121185697213688
0.063727	-2.413373563666879e-05	9.0707748880698e-05	9.38633735957982e-05
0.063787	-5.071434620147473e-05	-0.00013619282675068867	0.0001453286997429831
0.063847	0.00026107851408396885	-6.427324044421123e-05	0.0002688736505377433
0.063907	-0.00017459628209834236	-0.00017213132005090666	0.0002451796342786888
0.063967	-0.00014309661596837868	-0.0003457324869389622	0.0003741758864846869
0.064027	0.00010362917472252976	-0.00024572995845124874	0.0002666874918966486
0.064087	0.0004686823345337296	-0.00025021835987505236	0.0005312931002022782
0.064147	0.0002727740961392031	-6.596393803546784e-05	0.00028063668442615666
0.064207	3.012459799693231e-05	-0.00012478557704772276	0.00012837029112536098
0.064267	0.00018482028638118893	-0.0002059449931924995	0.000276716241805723
0.064327	0.00038614613772455916	-0.0001959500060229979	0.0004330187577230427
0.064387	-5.2264850927464944e-05	0.00019497386593104923	0.0002018574324580814
0.064447	7.15596820552217e-05	-0.0001806415637821116	0.0001942991576448316
0.064507	0.00016493427929211102	0.0002222952258280362	0.00027680044059131425
0.064567	0.00024410791001410322	3.9330368834298814e-07	0.00024410822685695126
0.064627	4.8776699694942524e-05	-0.0003112109316740813	0.0003150101751159481
0.064687	-0.00020857675966786174	4.567731904329592e-05	0.00021351974650726804
0.064747	-0.00018257638019374025	9.126129368031674e-05	0.00020411457157404076
0.064807	-0.00021827240938078972	-0.0004999239558212221	0.0005454968435296709
0.064867	-4.3892417614654534e-05	-5.677023968516527e-05	7.17593508747839e-05
0.064927	-8.878861229859224e-05	0.00033728985975391124	0.00034878054298759676
0.064987	0.00025202117895657656	0.00031409940945239964	0.0004027072307036577
0.065047	0.0001140057520147117	4.6670066475100786e-05	0.00012318850026374323
0.065107	-0.0001477152684968777	8.755489848431154e-05	0.00017171389226181664
0.065167	2.0268915081232214e-05	8.320727084048359e-05	8.564040424526144e-05
0.065227	-7.632044472904462e-05	0.00012557128252502008	0.00014694542278893063
0.065287	-0.0001493062262952459	0.00029061940399458897	0.00032672922610121256
0.065347	1.9469728103431604e-05	-0.000213885203475571	0.00021476952897980656
0.065407	-0.0004888550365530258	-0.00021820694879862233	0.0005353442997429455
0.065467	0.0002806930456864865	0.0002881153124118609	0.0004022424879882037
0.065527	-0.0002609553575923617	-0.000191281514339679	0.00032355264855080107
0.065587	0.0002227238044764855	0.00034925311829969485	0.00041422654879007985
0.065647	-5.105094318281147e-05	2.175377138867885e-05	5.549257039897816e-05
0.065707	-0.0002642494897182255	0.00012538529684307165	0.0002924880604072032
0.065767	6.038873246879714e-05	-0.00015837214969748037	0.00016949494626386087
0.065827	-6.00116787153476e-06	0.0003198114435148936	0.00031986774363618214
0.065887	0.00023557796605442412	-0.0002864380852309612	0.00037086891856978095
0.065947	9.29461799537644e-05	9.185757391635907e-05	0.00013067825470902542
0.066007	-8.620476083865594e-06	7.553641713304146e-05	7.602672504592934e-05
0.066067	-4.611919081594606e-05	-4.2364278807088266e-05	6.262357288084377e-05
0.066127	-7.69306676320281e-05	-0.00010142649306836194	0.00012730145764466348
0.066187	0.00018433831740163786	-0.00029748176032518085	0.0003499657311632602
0.066247	-0.00011635612151372865	-0.00023010028019163748	0.00025784663262875407
0.066307	-8.862822182277946e-05	-0.0002722929484388174	0.0002863536475635892
0.066367	6.411871485400777e-05	-0.00011148056323687756	0.00012860453170141794
0.066427	-8.937397115692728e-05	-9.844913625066504e-05	0.00013296593228666236
0.066487	-6.591366922767954e-05	0.00017575796739869229	0.0001877111474984257
0.066547	-0.00016360894002631453	-0.0002290299618797711	0.00028146511097324936
0.066607	5.019354583926769e-06	3.066670251637645e-05	3.107475766063376e-05
0.066667	-0.0002645926306797708	0.00013401700586565193	0.00029659706349058107
0.066727	0.0002108447035614235	0.00023880874561235324	0.00031856727076215815
0.066787	0.00015581989244119318	0.0003032193744543115	0.00034091322638590745
0.066847	-0.000410995781811631	0.0001994350877834643	0.00045682807149534046
0.066907	7.384595887434465e-05	0.00035752063973499377	0.00036506743689158395
0.066967	-1.4381463300221717e-05	7.436465611898891e-05	7.57425149196348e-05
0.067027	0.0001998416941789666	1.0904784413249452e-05	0.00020013899433998127
0.067087	-0.00011398021264845856	-0.00021359581653583148	0.00024210465034153395
0.067147	-0.00015078474412775318	3.245104724749527e-05	0.00015423718594791323
0.067207	4.350085778759233e-05	-4.2315809692638015e-05	6.0687332930356146e-05
0.067267	-9.410868116523481e-05	-0.00016086900961078155	0.00018637403822371169
0.067327	-3.47732313534157e-05	-1.5505025777299316e-06	3.480778184546841e-05
0.067387	-4.3435707692302167e-05	9.575695715605703e-05	0.00010514777956056923
0.067447	0.0003978186444132024	-0.00010025077880595252	0.0004102558866048822
0.067507	5.791829599786368e-05	-0.00035517148443392184	0.000359862907738894
0.067567	-6.194630429293878e-05	4.443829616159676e-06	6.210549281030481e-05
0.067627	0.00014727861470209623	-0.00028320337351072863	0.0003192101832906115
0.067687	0.0003152566966511603	0.00013858653361441308	0.0003443733614591299
0.067747	-0.00014189107195642156	7.706493846615409e-05	0.00016146851408783855
0.067807	-0.0002975445279944691	-0.00014914463523920367	0.0003328315915896304
0.067867	-0.00030524940550774056	-0.0002298372446863836	0.0003821025498578328
0.067927	-0.00023174071354587254	-0.00018098898881255393	0.00029404212689024836
0.067987	0.00021012268293620396	-2.4265830946425727e-05	0.0002115192011043655
0.068047	1.5044409145605742e-05	2.0052051670515764e-05	2.506828719193674e-05
0.068107	0.0003371314717997672	-0.00036520031977780893	0.000497020022578257
0.068167	0.0005899014716818655	-0.00013605082051333666	0.0006053871257755511
0.068227	0.0001344187605008179	-0.0002449296513038305	0.00027939029557662206
0.068287	-0.0003091610403601415	-0.00013870960740349327	0.0003388523337127786
0.068347	-0.00020877901714766824	0.0003515084586778966	0.00040883599954414106
0.068407	-0.0002526384168285076	0.00013047207708646107	0.00028433981880290736
0.068467	-0.00029171808580801174	5.602218128442171e-05	0.0002970486936233774
0.068527	0.00034927825277892454	-0.00019846851906657215	0.0004017275829772915
0.068587	4.995863512062714e-05	-0.00015905170104498008	0.000166713253307641
0.068647	5.721154017454582e-05	-0.00032422700116126093	0.00032923594671780294
0.068707	-0.00035833211828493724	0.00010800522064228068	0.0003742553068168279
0.068767	0.00023855587023358706	0.00026071673064124925	0.00035338663933313284
0.068827	-0.0003844283734644368	-4.668787449921231e-06	0.0003844567230531481
0.068887	-8.810253011618861e-05	-5.005402040464129e-05	0.00010132847956789922
0.068947	-0.00013043439295087127	0.00028503451260588985	0.00031346100912384536
0.069007	-0.00016086695486503032	0.00030231551493520087	0.0003424512341021468
0.069067	-0.00017118754315874958	-9.717394364742657e-05	0.00019684499042831136
0.069127	0.0001795126866533871	0.00023494567244771293	0.00029567596059102466
0.069187	-0.0005200078169402862	3.298165979869199e-05	0.0005210527032480293
0.069247	-6.668495399314659e-05	4.043487620831859e-05	7.798629561051176e-05
0.069307	-0.00022434668354423643	-0.00020162146498518206	0.00030163330313489717
0.069367	0.00011931819532251043	-7.079582988950034e-05	0.0001387403375545981
0.069427	0.00011986390153100496	-0.0004440862439212528	0.00045997820266869264
0.069487	0.00022165976836427948	-9.348902103741626e-05	0.00024056859721468323
0.069547	-5.557540787036405e-05	-0.00021115054542016653	0.0002183418851049682
0.069607	4.9216976484090484e-05	-5.060108891195726e-05	7.058881620562367e-05
0.069667	-9.435687620644364e-06	5.560466443406917e-06	1.0952213837514115e-05
0.069727	-0.0002360257260358966	-2.8112208196698086e-05	0.0002376940041323437
0.069787	-0.0002790361097664545	9.444571910476526e-05	0.0002945863954951298
0.069847	2.028552341257565e-05	1.4918383747794021e-05	2.518056063253159e-05
0.069907	-4.239006073321607e-05	-0.00028525015363598313	0.0002883826752742226
0.069967	-0.00012120207718819848	-0.00028553093406517177	0.00031019003501541354
0.070027	-0.00010222722411226668	0.00029529034803367173	0.00031248487162028596
0.070087	-0.00013286184326758682	0.0002570184914649287	0.0002893281430337678
0.070147	0.0002711575562229285	2.7083351959074303e-05	0.0002725067489992307
0.070207	-0.00013773281896963695	-0.00016735531853156907	0.00021674439338106473
0.070267	-0.00018360036571654832	-0.00011808452679687529	0.00021829578502594193
0.070327	1.9545595066268684e-05	0.00017643279157423565	0.00017751214107539863
0.070387	-0.0001900202121143784	-1.3188707312794553e-05	0.0001904773556425433
0.070447	1.1735931607665409e-07	0.00029379273215675723	0.0002937927555971065
0.070507	0.00019616308800206658	-1.9866938956052513e-05	0.00019716655993852009
0.070567	0.00030832772273055965	0.0002517289458722884	0.0003980369917409516
0.070627	-7.628458625363887e-05	0.00010245975301730249	0.00012773934040950538
0.070687	-6.359226087084336e-05	-0.00016143227256454017	0.00017350606406698696
0.070747	5.742739069350221e-06	4.547122455840011e-05	4.5832426456157555e-05
0.070807	-0.00015043425672703356	-1.6454114382896186e-05	0.00015133143585237163
0.070867	5.097792065320908e-05	-0.0001848902743427418	0.0001917893686851782
0.070927	-6.928970718832394e-05	-3.582553695008383e-05	7.800341415608352e-05
0.070987	9.799766809971345e-05	0.00010426449186894514	0.00014308957759973619
0.071047	-0.00017466751493154964	-7.968005741015987e-05	0.00019198346887492552
0.071107	0.00023317928774206826	-0.0003943739875341541	0.00045815218244103935
0.071167	0.00022363091511239675	6.40517592971477e-06	0.00022372262396257246
0.071227	3.483444857883151e-05	0.00017310939242946182	0.00017657944544903484
0.071287	3.19311786600722e-05	-0.0005243718491595527	0.0005253431605737627
0.071347	0.00014004150375441398	4.6711218700685864e-05	0.0001476264228595303
0.071407	-0.00036937523380025565	-0.0001758922079483549	0.0004091162819565372
0.071467	-0.00038431213890154233	7.626972063696716e-05	0.00039180721074671325
0.071527	0.00039854024054883033	-0.0003770686371688005	0.0005486484124401128
0.071587	0.00013117455811856017	8.037492989297157e-05	0.00015384048249046677
0.071647	8.48910309252511e-06	-3.804848552928312e-05	3.898399828631725e-05
0.071707	0.0002993990330930664	0.0002209802298933046	0.0003721183185772515
0.071767	-8.643486804364812e-05	-6.148058214789583e-05	0.00010607001647481266
0.071827	-0.0003637348193171623	-0.0002664706913057715	0.0004508987115846135
0.071887	-0.0002244897792696715	-0.00019045879035176113	0.0002943980499575395
0.071947	-3.4969553203391404e-05	0.00023383416122213372	0.00023643452498673634
0.072007	-0.00015939245921396428	2.9934884934748298e-05	0.00016217907815230633
0.072067	-0.0002969866820332121	-0.00018825091749814836	0.00035162408513068455
0.072127	-0.0001265333560022262	0.00010670590841227675	0.0001655199114042637
0.072187	-0.0001633835598637244	0.00011389751533821795	0.00019916533743089638
0.072247	0.00027810625285545627	-0.00013052814616549681	0.0003072143955264862
0.072307	-0.00020182626515429845	0.00035619090564761576	0.00040939687660288996
0.072367	6.712885526297889e-05	-0.00027267779833233137	0.00028081927446720165
0.072427	-9.776337177625951e-06	-0.00012772715309548578	0.00012810075099892388
0.072487	5.6579698188603464e-05	-2.7609551925391494e-05	6.295672803310499e-05
0.072547	-3.332419892111874e-05	0.00018644120786658595	0.00018939595091893016
0.072607	3.4202868044701476e-05	-0.00011461519607134426	0.00011960969589860159
0.072667	-0.000268023865855285	0.00011980154873003256	0.0002935799784490185
0.072727	-4.756430858434625e-05	0.00011939458943177199	0.00012852015965088244
0.072787	-0.00029032422561862053	0.0002658169909131716	0.00039363286021264134
0.072847	5.54626905933085e-06	-5.6487596441068846e-05	5.6759225260459154e-05
0.072907	-0.00014672103048752076	-1.2317519563334898e-05	0.00014723716268494558
0.072967	0.00014272656613702919	0.00010880085557511723	0.00017946726402089404
0.073027	3.051640146114703e-05	-0.000308118021634129	0.00030962552545594086
0.073087	-7.273002618067326e-05	-0.00016804311632042895	0.00018310692409333578
0.073147	0.00030376975822456263	7.847481365711249e-05	0.0003137425096959731
0.073207	-0.0002839023195893021	0.0004087027461347003	0.0004976328584069098
0.073267	2.0333386975630796e-05	0.00035330835498456636	0.0003538929786359163
0.073327	-2.687091613454673e-05	-3.764268626702623e-05	4.624951851973822e-05
0.073387	-6.955538872356897e-05	-9.179216845867803e-05	0.00011516837365715081
0.073447	-3.2338406494970443e-05	0.0001484155003276456	0.00015189777243968826
0.073507	-0.00039110981285911395	0.00015350263670504488	0.0004201546681760089
0.073567	0.0003441785408219052	0.0002524763926559381	0.00042685266405500074
0.073627	-0.00018645902297865155	0.0003942754800805347	0.0004361423178767332
0.073687	0.00019721236397558944	0.0001845820358612288	0.0002701170939935426
0.073747	0.00015663077868178978	-2.3831670316278154e-05	0.0001584334224225671
0.073807	-7.855466897749487e-05	-0.00030616343483040706	0.0003160805037412411
0.073867	-0.00010480599088053092	-0.00013019828232307975	0.0001671403256079463
0.073927	0.00040480551102200005	-9.27994270263074e-05	0.00041530619476501135
0.073987	0.0004124654141633075	0.00020913857556794627	0.0004624571998266416
0.074047	-0.00015133700814014273	-0.00019033908811105917	0.0002431704309651138
0.074107	-0.00034691350845325077	-1.0976911585756477e-05	0.0003470871287375912
0.074167	-6.719952172289826e-05	2.6285222764017996e-05	7.21573880870166e-05
0.074227	-5.4527243857177305e-05	-0.00018671293687152124	0.0001945120590550847
0.074287	0.0004017042387938005	-0.00041811698002449987	0.0005798173026477519
0.074347	0.00023423613240395897	-0.0003342633214690097	0.0004081648365587848
0.074407	4.24019818358986e-05	0.00013864452247033652	0.00014498355656638971
0.074467	0.0004182730183902423	0.0002676045594781855	0.0004965526338333105
0.074527	9.694490593503352e-05	-0.0003659652724868091	0.00037858802867113606
0.074587	-0.00013102314613671576	-0.00018317304115406075	0.0002252097418612046
0.074647	-0.00039299374886747124	-1.8849108459585353e-05	0.0003934455178784354
0.074707	2.6967671239174054e-05	-0.00024618999471363786	0.00024766261080180275
0.074767	1.3988509415298602e-05	-0.00023559251673830966	0.00023600744127834743
0.074827	-7.528843059163677e-05	-0.00032982180738507655	0.00033830573806500864
0.074887	9.41469964793568e-05	8.930143440933166e-05	0.00012976287270883064
0.074947	-0.0003705578264421995	0.0003142943788180309	0.0004858951114121021
0.075007	-0.0003049514390084721	-0.0002257362045191273	0.00037941035065485384
0.075067	-7.753291950392405e-05	-5.838738362637499e-05	9.705895205253068e-05
0.075127	-0.00026009411354969893	5.65564934894798e-05	0.0002661720963193348
0.075187	0.000196056403872077	-1.4055095545292639e-05	0.0001965595563945907
0.075247	-0.000139650604646523	3.033460004943266e-05	0.000142907240328468
0.075307	-0.0002910675119910109	-7.045498376440998e-05	0.0002994732062704117
0.075367	-0.00018249795624210126	-0.00011518788555374312	0.00021580952947190753
0.075427	0.0001800705536715084	-0.00023449420390544358	0.0002956567874492506
0.075487	5.5282588195989775e-06	-0.0003140949957263976	0.0003141436422815878
0.075547	-0.00021110493145965741	0.00017045615689786708	0.0002713311510147276
0.075607	0.0001323429818533959	-5.9577932423989516e-05	0.00014513509182057156
0.075667	-0.00028834445452262587	0.00020014193409205547	0.0003509976043166952
0.075727	-0.00018990966879799907	-0.00012987432093109267	0.00023007177475796147
0.075787	-0.00020041297825577835	0.0003691393998850107	0.0004200348299853441
0.075847	-0.00015862034458827162	5.0724506393918915e-05	0.0001665334478902324
0.075907	-0.0003119680984571697	0.00015488169434978882	0.00034829934496011293
0.075967	-0.0003398213659831932	-1.4659990225056313e-05	0.00034013743706343483
0.076027	8.995869038866687e-05	5.500057392109311e-05	0.00010544016838043105
0.076087	-2.1569943776990406e-05	0.00032334526504785785	0.00032406391792887395
0.076147	3.7746800266550795e-05	-0.00010958263249104957	0.00011590157149077537
0.076207	0.00023859975860708832	-0.00021722893259810868	0.00032267360283276113
0.076267	-0.000337760960866727	0.00016502222124705894	0.0003759186084658858
0.076327	8.45014303997101e-05	-0.0003333694580314698	0.0003439123250012901
0.076387	-0.00010238360037163266	-0.00011836098151405246	0.000156498318106068
0.076447	0.00013676309428951663	-0.00022820740882396372	0.000266050306148651
0.076507	-0.000156250863230269	8.813524923306617e-05	0.00017939385278648465
0.076567	0.00017131726954526042	0.0003812638413404285	0.00041798531500293504
0.076627	-0.00026303817636579626	-0.0001505473338349155	0.0003030735586464864
0.076687	3.2615003561980435e-05	0.0005928300217730661	0.0005937265137862735
0.076747	0.0003077453033644	-0.0001894099093117873	0.000361363093699877
0.076807	-7.153634950779144e-05	0.0001877741987787654	0.0002009392918966029
0.076867	5.781487335863601e-05	-0.00047364986554990793	0.0004771653326855598
0.076927	-0.00017524393499440167	0.00011687380040870991	0.00021064169096904117
0.076987	0.00018976529229394902	0.0001572673616878866	0.0002464627542077635
0.077047	-0.000382367215730476	-8.363652202536052e-05	0.00039140740345830835
0.077107	-3.8969575195856405e-05	-0.00025929628783360407	0.00026220830016464536
0.077167	0.00010397681449107998	9.151534618339734e-05	0.0001385143910890833
0.077227	-3.7540956900002266e-06	0.0006269585978239038	0.0006269698370892855
0.077287	-5.411816210493169e-05	0.0001243623883349014	0.00013562735381174583
0.077347	-0.0003506891190494393	-0.00018421715518097278	0.0003961298000436756
0.077407	3.092327067665203e-05	0.0002024008687029786	0.0002047495062779441
0.077467	-0.00039533608310270656	0.0001136962323236178	0.00041136048892373726
0.077527	0.0002787105590809967	-4.406507812944642e-05	0.0002821724771372927
0.077587	0.0002037446416975032	-0.00026529444174056786	0.00033450414024176667
0.077647	0.00034545772544515346	-3.434960663043258e-05	0.00034716125294364933
0.077707	-0.00030075577933853196	-9.115951538736703e-06	0.0003008939005330356
0.077767	0.0004153037524022104	7.528705050685074e-05	0.00042207267944440277
0.077827	2.159651032187657e-05	2.42816065669519e-05	3.2496240944994895e-05
0.077887	-0.00015821078945943613	3.845170077143204e-05	0.0001628164217565101
0.077947	2.2420131129238007e-05	0.0001334314051476818	0.00013530189266797797
0.078007	4.006404423810766e-05	-0.0002288075172517558	0.00023228862992326073
0.078067	-8.093237831460304e-05	-0.00019129034882177175	0.00020770663786218567
0.078127	0.000141183400426715	-5.6818890398731624e-05	0.00015218784071729656
0.078187	0.00017217027896251647	-2.7343444762018107e-05	0.00017432804974955773
0.078247	6.811578492333295e-05	-2.91643093957787e-06	6.817819097883925e-05
0.078307	0.00010850666595366311	-0.00023254964188343147	0.0002566184570456538
0.078367	3.638719145459883e-05	-2.797251745950268e-05	4.589650787342989e-05
0.078427	-0.0001339872352002831	0.0002454487353113544	0.0002796384466817095
0.078487	-0.0002620147450123996	4.066276031541611e-05	0.0002651512524586331
0.078547	0.00039767645121860633	6.595125852386916e-06	0.0003977311347365622
0.078607	4.332603568294206e-05	-0.00026797248219975344	0.0002714523836408455
0.078667	-0.000284233533024768	0.0001871840233305415	0.0003403330132178637
0.078727	1.4603250824598744e-05	-0.00017877473186556433	0.00017937017502430713
0.078787	0.0004068995972674129	0.0002902209846708019	0.0004997954603632096
0.078847	-0.0001220644410594672	-0.00031893757527803277	0.00034149803029503837
0.078907	-2.999418592684438e-05	-0.0002563848843116005	0.00025813341529698725
0.078967	-0.00013479755183634024	-1.6512133542575185e-05	0.00013580511969435715
0.079027	6.153553783631705e-05	4.423918372977951e-05	7.578738545353043e-05
0.079087	0.00023613632380049235	-0.0001166461428223009	0.00026337556085053067
0.079147	-6.82717726134023e-07	2.1630228886335505e-05	2.1641000558403958e-05
0.079207	3.040220100375785e-05	-6.292244552601001e-05	6.98822436449102e-05
0.079267	0.0002720181706320502	-1.680271795198582e-05	0.0002725366332891437
0.079327	0.00014422834647613252	-0.0005230890914644542	0.0005426085269661245
0.079387	0.00021901025595759773	0.0001595328487320741	0.00027095428034851806
0.079447	4.9191203821540324e-05	-0.00030719929088628053	0.00031111280728129135
0.079507	3.103518414240042e-05	-0.0001869617903222705	0.00018952016698826893
0.079567	-0.0001730152156312083	-1.4693562368671789e-05	0.00017363803043975002
0.079627	0.0002410327976506186	-0.00011393240709311334	0.00026660345633414985
0.079687	5.2933276813899354e-05	7.165680326943798e-05	8.908776149983697e-05
0.079747	-0.0005864972130742254	-0.00010059740540022545	0.0005950620294701139
0.079807	0.00021992977349173692	0.00017479206154115938	0.0002809294752174203
0.079867	-0.00010034340696315154	-0.00027488937934107564	0.00029263111624619557
0.079927	-6.786152416348286e-06	-0.00022482075724728832	0.00022492315299644464
0.079987	-0.00015655723534469204	-5.97841625862785e-06	0.0001566713419861294
0.080047	-0.00019597651740244673	-0.00045359790864319674	0.0004941233227633294
0.080107	8.717881791752615e-05	0.00011886717276155141	0.00014740946731408295
0.080167	8.572271190579651e-05	0.00011712513356044345	0.00014514365383314526
0.080227	0.00038281815070213506	-0.00016509349465343418	0.0004168999861883976
0.080287	0.00027392207876164766	-0.0006370852407342959	0.0006934774035212525
0.080347	-6.784790469954534e-05	-0.00019621516299493322	0.0002076143741681842
0.080407	0.0002957678328094403	0.00011231165090145229	0.00031637401576773447
0.080467	2.5793240660213974e-05	4.993121906207907e-05	5.6199803387387786e-05
0.080527	-1.2974199403936412e-06	1.98410619454365e-05	1.9883436262989844e-05
0.080587	9.533517682404428e-05	-0.000472441242404971	0.00048196423463284536
0.080647	-2.8477380957883246e-05	0.0004520265955632118	0.00045292273548883354
0.080707	2.66543326788283e-05	-0.00010218755420361009	0.00010560657974136557
0.080767	-6.631592275782008e-05	-0.0004953663509990784	0.0004997855773362847
0.080827	0.00027915650442489706	-0.0004186408766789066	0.0005031784351392765
0.080887	-0.00031080062327154236	0.00016182368671428834	0.00035040538381677776
0.080947	2.3000636885629796e-05	-0.0004519464591740533	0.0004525313594184483
0.081007	0.00016309022721878362	-0.00040234504595111186	0.0004341427855160981
0.081067	0.00024013818406243642	-9.641440937838669e-05	0.0002587703340427332
0.081127	-0.0002431710297311607	-0.00020013894126489989	0.00031494086033912475
0.081187	-0.00019394992522292614	-0.00014742578572259817	0.0002436204748987738
0.081247	-8.623616234497043e-05	4.185780118717485e-05	9.585797419209917e-05
0.081307	-4.5229592509757014e-05	-2.5800964662802008e-05	5.207116107914078e-05
0.081367	-0.0003590391319969122	-7.728838507404555e-05	0.0003672636556650414
0.081427	-0.00010107625679713044	0.00031997287216953155	0.0003355578170934762
0.081487	-0.00042627192772383437	7.837938910582595e-05	0.0004334179103382743
0.081547	4.005276423189902e-05	0.000180055222573367	0.00018445624711177668
0.081607	-0.00012102658396356535	-0.0003571990105826371	0.0003771452865768109
0.081667	0.0002617673668125116	0.0003058778193602948	0.00040259582052545596
0.081727	0.00014848773714976488	0.00035309446315904023	0.0003830460912180523
0.081787	7.689194812570397e-05	-5.617159086036618e-05	9.522404794142246e-05
0.081847	-0.00021317856125139384	-1.646907866646336e-05	0.00021381377301132038
0.081907	-0.00034831612476071515	0.00017514781915165548	0.00038987290406221245
0.081967	-0.0002699742772678021	-0.00023723206825410257	0.0003593955545000401
0.082027	-0.00029302911652042936	-0.00015799494366969488	0.0003329090947299779
0.082087	-1.2481360536084478e-05	-0.00019149847243285988	0.00019190479229282036
0.082147	4.68800428856225e-05	0.00011480202342866277	0.00012400501201271277
0.082207	0.00013351561296581074	9.352353105203463e-05	0.0001630124834669942
0.082267	-0.00013048405873722054	-0.00025417093297802704	0.00028570781010581273
0.082327	8.938544992432452e-05	8.043864709175558e-05	0.00012025029980888166
0.082387	0.0002116303574051376	0.0003753155979988778	0.00043087028938728364
0.082447	-0.0002393396673502651	6.488556197715573e-05	0.0002479790566165354
0.082507	8.107681753610719e-05	1.4508610648296276e-05	8.236473835766781e-05
0.082567	0.00018284631263098424	8.52754341776043e-05	0.00020175399306315243
0.082627	4.437856058929379e-05	0.00023352259249434528	0.0002377020358458414
0.082687	-0.00016692784006739746	6.303836307720922e-05	0.0001784341307290191
0.082747	-3.194326387884767e-05	-0.00015973207870232002	0.00016289477914837496
0.082807	-0.00010646012802123018	1.2291335852669939e-05	0.0001071673261555958
0.082867	-0.0003478365456452588	-0.0002527828791805656	0.00042998772830540486
0.082927	0.0002613826273648322	0.000337263184561064	0.00042669348899228944
0.082987	0.00011556396400485208	-0.00029859471615347946	0.00032017781667581486
0.083047	-2.857029720139634e-05	4.830590588807864e-05	5.6122387920009485e-05
0.083107	0.00031223504044703684	3.7902886688393625e-05	0.0003145271837254706
0.083167	0.0003084138603384648	7.166166793105768e-05	0.00031662991630535366
0.083227	-0.00019588075428230236	-8.283473956919663e-05	0.00021267548983768756
0.083287	-0.00010028741196389066	-0.00017555404445865905	0.00020218008686368684
0.083347	0.00011336675599727989	-0.00016793660493477102	0.00020261965512349524
0.083407	0.00015218449860861886	-0.00011648977043370902	0.00019165069327413075
0.083467	0.0001129955453855884	0.00012752243767026914	0.0001703818223472042
0.083527	-4.956849213289576e-05	7.29006590746158e-05	8.815634694020795e-05
0.083587	-0.00017958327589119837	0.00014899009421411903	0.00023334138328583366
0.083647	0.00021403552488373544	-0.00012437986217191452	0.00024755111800628285
0.083707	-7.427689042878129e-06	-0.00019911651567429105	0.00019925500590647124
0.083767	0.00011398314644149444	6.257260425428403e-05	0.00013002879864040278
0.083827	0.00022377354496659418	-0.00020591745746911195	0.00030409965260989674
0.083887	-0.0001359461438217668	-0.00025219372377872413	0.00028650135834475186
0.083947	-0.0003599868142781886	0.00028379967081500066	0.0004584023992180471
0.084007	8.013742270241675e-05	-6.475201746571126e-05	0.00010302829845855747
0.084067	-1.8121969157201823e-05	0.000117251176762998	0.00011864334881670517
0.084127	-0.000298133314415507	0.0002660386445159649	0.0003995748159484873
0.084187	-2.952125730879278e-05	-0.0002318318518609767	0.00023370389849204867
0.084247	0.00023968170917663723	0.0001424781034781832	0.00027883208510602576
0.084307	-4.137758566751347e-05	0.0004096108896494401	0.00041169550096531075
0.084367	0.0002468216967464595	-0.00023772039775534664	0.0003426834362699216
0.084427	-1.7478768815111845e-06	-5.485691011105621e-05	5.488474888824237e-05
0.084487	0.0001294127082418407	0.00017132669392669634	0.00021471023521560324
0.084547	3.797258187057453e-05	-0.00016509087327238467	0.0001694016334388664
0.084607	-7.375186582510903e-05	2.6212074458248743e-05	7.827139043155973e-05
0.084667	0.00013627916091444675	0.0002418719636124728	0.00027762214695751315
0.084727	-4.9022822637995016e-05	-0.00047249596942628834	0.00047503229181128766
0.084787	0.0001084752646830507	-0.0002472273962309233	0.00026997827411697384
0.084847	-0.00018119888797436413	0.00016948618888823307	0.00024811006675869477
0.084907	0.000287077766276797	-0.00020941018482121545	0.00035533965356730296
0.084967	-9.630257759847633e-06	-0.0003256830288582211	0.00032582537830989466
0.085027	-0.0002242164923535818	-0.00010559086972262683	0.00024783556486534483
0.085087	0.0001428177115168977	7.941005582554249e-05	0.00016341008441690368
0.085147	-0.00013619687891310993	-0.0001629485985883821	0.00021237192754125958
0.085207	-7.80776768344543e-05	0.00025011298222642154	0.0002620164641736464
0.085267	6.777427703856085e-05	-0.00024129528034556348	0.0002506327291978118
0.085327	-0.00039392533178704016	0.00012940029625869515	0.0004146343011562933
0.085387	9.709086630482817e-05	-2.4511030549416495e-06	9.712180098210681e-05
0.085447	0.00010301286049877207	-0.0003111943282998979	0.000327801097304698
0.085507	-0.0001269582104949222	1.3523803023759155e-05	0.00012767646791910563
0.085567	-0.0002248339289027757	-5.8515359799898166e-05	0.0002323237889635281
0.085627	-0.00011027513242516512	-0.0003086267335624815	0.00032773627431340984
0.085687	-9.725487754097649e-05	-7.1167976504723e-05	0.00012051303699304544
0.085747	0.00012972048658438145	-7.524775174707214e-05	0.0001499654252908906
0.085807	7.726402669401981e-05	0.0001281722453604973	0.0001496591270244676
0.085867	-9.531955428267157e-05	6.0492706795989435e-05	0.00011289457473303453
0.085927	-0.0002044889506269118	9.82675457112289e-05	0.00022687494676275748
0.085987	0.00017820822706018062	-0.0004727235059220099	0.0005051986591857993
0.086047	-0.00052730530269264	6.788195905056563e-05	0.0005316566961981381
0.086107	0.00021573333061244683	-9.963067595856719e-05	0.00023762815811494291
0.086167	-7.709290804418893e-06	-0.00030866824085134094	0.0003087644993760917
0.086227	-0.00017346272456219398	-3.225795521552648e-05	0.00017643665290190268
0.086287	0.0002591911569795955	-3.1367043646636814e-05	0.0002610822615260396
0.086347	-0.0002684427690290839	-0.0001252647821600197	0.00029623096714151827
0.086407	0.0002029673454589657	-0.00015040184101663845	0.0002526191938548085
0.086467	-0.0002981020384173696	-0.000501161681512067	0.0005831190755965658
0.086527	6.264811680328634e-05	0.00036217018526680064	0.00036754867655208187
0.086587	-0.00011764095892809226	-7.567071429769193e-05	0.00013987656065204065
0.086647	0.00015873147377521744	-9.942619730696401e-06	0.00015904256176873464
0.086707	-5.536177711887114e-05	-0.00019877135092905083	0.00020633704542791012
0.086767	0.00010310886681781976	0.0006526530325478032	0.0006607476214942425
0.086827	-1.1344629827162095e-05	-0.0003090712413564179	0.0003092793767122413
0.086887	6.79575440397188e-05	-0.00019033423093471074	0.00020210231878288313
0.086947	-0.00018336120202195217	5.3452959549736464e-05	0.00019099358442513435
0.087007	-0.00014806262339601772	0.00025890803254852374	0.000298254773247736
0.087067	-6.87025311053653e-05	-8.074640369880328e-05	0.0001060189581658573
0.087127	1.1852225685890841e-06	-5.939399614401204e-05	5.9405820678549754e-05
0.087187	6.940873132849949e-05	-0.0001681947063958717	0.00018195337656725502
0.087247	-0.0006008640134484313	0.0001566354947075603	0.000620944635905359
0.087307	1.8169368339767834e-05	-0.0004406242386249631	0.00044099869116551193
0.087367	6.875505594642786e-05	-0.00010860215199445477	0.0001285367073486134
0.087427	0.00028272132791964987	0.0002991810267831663	0.0004116316752239554
0.087487	-0.0002152333367349379	-4.658570976250696e-05	0.0002202172054952376
0.087547	0.00023816528384113775	-8.363149634932511e-05	0.0002524221258304368
0.087607	-0.0002560138321841219	4.7896628296976475e-06	0.0002560586322302412
0.087667	9.762627764584839e-05	-5.4210162002218495e-06	9.777667157163484e-05
0.087727	0.00018627519565974049	0.00014474905172390132	0.00023590408324792358
0.087787	-0.00032513279107420577	-0.00029373430738451474	0.0004381679759708184
0.087847	-3.909925997104763e-05	0.00027724146981798845	0.00027998497230587605
0.087907	0.00014216641465458928	0.00016729091036434796	0.00021953937721118033
0.087967	0.00020248108129954933	9.050437912560511e-05	0.0002217873551966973
0.088027	0.00027851472448369515	0.0001895789398107382	0.00033691338081766965
0.088087	-0.00011588700076603965	9.720797665845518e-05	0.00015125867800750754
0.088147	-6.794566566732562e-05	8.191492044207194e-06	6.843766525011137e-05
0.088207	0.00011440910798299499	-4.24255811643269e-05	0.0001220220223016956
0.088267	8.997000667750334e-05	0.0003988699836981532	0.00040889101970685907
0.088327	8.324065709106824e-05	-0.00016999875886603642	0.00018928440244496007
0.088387	-5.250330515172115e-05	-0.00020088357177393783	0.00020763141973340543
0.088447	0.00020026045497787898	-1.505683382721268e-05	0.00020082569076900343
0.088507	-0.0003741989771122964	-0.00011527725011311803	0.0003915529579322972
0.088567	7.206563284676057e-05	0.0001618469622968579	0.00017716629093121703
0.088627	9.312114678229173e-05	-0.0004029060835685145	0.00041352733906546967
0.088687	-7.214795263921598e-05	0.00012529780543163476	0.00014458515524082806
0.088747	-0.0002574969671468665	0.0002181246663671085	0.0003374656399807199
0.088807	-0.00011983452107120472	-0.00047089082281838196	0.00048589965986295755
0.088867	8.917021312189794e-05	0.0002130757850386348	0.00023098185443457502
0.088927	0.0001123393825088334	0.00024194247481918403	0.0002667513785983073
0.088987	-0.00017918356507616224	0.0003075105789405472	0.00035590659751366476
0.089047	0.0004140826689015274	0.0001262984139899208	0.00043291540289181374
0.089107	-9.957195377645683e-05	5.023922354206286e-05	0.00011152826350737386
0.089167	0.0003806634156290136	-0.00012908301203538194	0.0004019540520936115
0.089227	0.0001210787063550207	7.64557031937626e-05	0.00014319751283963718
0.089287	0.00010606264502424376	5.513532486961418e-05	0.00011953739464291765
0.089347	-0.00020885242903889551	0.00016607451046089545	0.0002668334314516698
0.089407	-0.00013191884786275976	6.846026437372813e-05	0.0001486249986360259
0.089467	-0.0001386496958752027	-1.2495697269717193e-05	0.0001392116396589833
0.089527	-1.1009185316186715e-06	-0.0005272874823024837	0.0005272886315999097
0.089587	0.00034639222079091615	-0.00015640196921390198	0.00038006466107551903
0.089647	0.0002731672658621787	-0.00012081163287993001	0.000298690150118368
0.089707	0.00022738602298752578	0.00028270797861273	0.00036280601513946734
0.089767	0.00023741737331209092	-0.0002268871898739194	0.000328397329586123
0.089827	-0.0002486246710128965	-0.0002983015249133018	0.00038832721614879406
0.089887	-3.251679323510152e-05	-1.271768953890075e-05	3.491534719148886e-05
0.089947	0.00013574559993416116	-4.1953494512351034e-05	0.00014208083475009288
0.090007	0.0001616971459025737	0.00045313070943012683	0.0004811168328188988
0.090067	6.373023053551121e-05	6.0431843967722055e-05	8.782681850920316e-05
0.090127	9.992020240354716e-06	-0.0002441671305450144	0.00024437149610187714
0.090187	0.00022501745664268855	0.00011859979158606348	0.00025435952185479886
0.090247	1.2121429957698949e-05	9.939816627863547e-05	0.00010013453212441085
0.090307	-0.00030825516927556016	0.00022636849838863785	0.0003824446972410926
0.090367	0.0002485082006704135	0.00022611999406711025	0.0003359859781558696
0.090427	-1.8729551807279113e-05	-0.00035921610399854744	0.000359704052636048
0.090487	0.00013030751168065444	-8.165563031315175e-05	0.00015377805292772438
0.090547	0.0003458565555156917	-0.00028915360790681126	0.00045080657266582155
0.090607	-0.00017383508672919404	0.00024222300516616439	0.00029814530284724277
0.090667	8.147441913605879e-05	-5.971617591015506e-06	8.169296903780341e-05
0.090727	-0.00035880767971987397	-0.00021062302049330273	0.00041605889942132216
0.090787	0.00023733290831181984	-0.000130039886785885	0.0002706238746360573
0.090847	-8.156863365504373e-05	-0.00011924838077948734	0.0001444770511703514
0.090907	0.0006191001317503698	-5.389987715269853e-05	0.0006214420084693351
0.090967	-0.0001669996359469535	-0.0004431123199291798	0.0004735371225990997
0.091027	0.0002646265850047932	-0.00023790358002695252	0.0003558445487582178
0.091087	0.0002476669913418152	1.7436670987653664e-05	0.00024828003563605035
0.091147	0.00011011821832239093	-3.7144883234548564e-05	0.00011621430358181388
0.091207	3.715259221992971e-05	-7.614822041498862e-06	3.792493405906039e-05
0.091267	0.0001058568764298254	5.0491581737480936e-05	0.00011728204514686825
0.091327	-6.351272389829677e-05	0.00017680220886068734	0.00018786401239992556
0.091387	7.406623513061766e-05	0.00020082180459951067	0.00021404486536478277
0.091447	-7.834523863504645e-05	0.00027944839634441493	0.00029022298778051263
0.091507	-5.778039433526306e-05	1.819414796587776e-05	6.057723161174298e-05
0.091567	-0.0004555591708565583	-0.00018804909030824718	0.0004928454306547583
0.091627	1.7411915322509248e-06	-4.5530608213128115e-05	4.5563889564098365e-05
0.091687	0.0002347253694307585	-7.785391006938673e-05	0.00024729987943284207
0.091747	5.029771999552332e-05	-2.603491757958147e-05	5.663636261381611e-05
0.091807	-2.3724467973649962e-05	6.0121860202475144e-05	6.463349328976973e-05
0.091867	5.029891317103267e-05	-3.704850461009681e-05	6.24705719521716e-05
0.091927	0.0003733858413716108	-0.0002013724277059633	0.00042422616748260487
0.091987	-0.0002749616984858711	0.00031549791764646904	0.0004185007427394762
0.092047	-0.0001363011122899161	0.0003970181641244013	0.0004197635237323252
0.092107	5.1618473179965194e-05	-0.00029132508169318037	0.000295862755339311
0.092167	-0.00029178588444237906	0.00022917169944205003	0.00037102381350120737
0.092227	0.00021920747214268955	1.4855816265295217e-05	0.0002197102890628844
0.092287	0.00041605160703479316	-9.95504109619221e-05	0.00042779577375065493
0.092347	-0.00020257025814380322	0.00045164875907750986	0.0004949962737846636
0.092407	0.00022126742918483574	0.0003496517332209734	0.00041378208004032394
0.092467	3.5469190466407425e-05	0.0001273364263478919	0.00013218407221520445
0.092527	-7.48890449751576e-05	7.37323262032934e-05	0.00010509436228761296
0.092587	0.00034728875735780154	-0.0003678797043934562	0.000505910029443717
0.092647	3.520818337768321e-05	-3.937535050399297e-06	3.542767786674271e-05
0.092707	-0.0005157722117086786	-0.00010553413889591827	0.0005264583828218191
0.092767	0.00018701369113429984	-0.0001769891540776886	0.00025748646825185024
0.092827	8.973364707475943e-05	0.0003566601358131516	0.0003677751757468049
0.092887	0.00020089929535078483	0.00014304181771898224	0.00024662012993426226
0.092947	2.260004300235754e-05	0.0003041635730235187	0.0003050020345803316
0.093007	-0.0001263203954785593	-0.00030901404390945586	0.0003338360700211029
0.093067	-1.2940197933988666e-05	0.0001426642056192671	0.00014324986662313976
0.093127	0.0004672118102420993	1.7232766256725687e-05	0.000467529511221012
0.093187	9.448417049340878e-05	0.000138606208236867	0.00016774665253181442
0.093247	9.77792532087977e-05	0.0002614842894656202	0.0002791680783961705
0.093307	-0.0003721904211763681	0.000254782385407985	0.00045104298412637487
0.093367	-0.00031284190759993467	4.8890807125635615e-05	0.000316639179780649
0.093427	-0.00011221581718541998	-1.9183691541351278e-07	0.00011221598116130213
0.093487	-0.00014606598922993383	0.00017229213606228784	0.00022587574761055037
0.093547	0.00012737913538679864	-0.00015186985575795046	0.00019821679348589277
0.093607	-0.00017470352368163957	-5.16681935023933e-05	0.00018218376274131007
0.093667	-0.00010344891698715154	0.0002222429934084005	0.000245140014165254
0.093727	0.00040109962908720684	-0.00011114579692503586	0.0004162142484682573
0.093787	6.189320644035937e-05	-0.00033520787550715665	0.0003408740072306634
0.093847	-2.2746681195284698e-05	-0.00010409355801893288	0.00010654989594758347
0.093907	-8.69254870951843e-05	0.00015133218164272317	0.0001745206850418632
0.093967	0.00018355755237729602	-0.0001686907488468669	0.00024929890449270026
0.094027	-5.134790207214843e-05	8.952148163088559e-05	0.00010320224183902174
0.094087	6.350424415306127e-05	-0.00014045325150867892	0.0001541424824141996
0.094147	0.00016828640062298216	1.480511896857477e-05	0.00016893639093550124
0.094207	-3.131723207008678e-06	-0.0003491192545925834	0.0003491333006425001
0.094267	-0.0002578908541408974	-0.0003040347288978017	0.0003986788294172157
0.094327	0.00021824224159241367	3.904743536020304e-05	0.0002217078668507067
0.094387	-2.195421381323895e-05	7.164717843034105e-05	7.493534333801733e-05
0.094447	-0.00045760857774316307	-4.131388055166592e-05	0.00045946974563115453
0.094507	-7.924195678305867e-05	-0.00019942770188723913	0.0002145942589978438
0.094567	-0.0004395721559647314	-9.990382688487014e-05	0.00045078204814047804
0.094627	4.177081947615359e-05	-0.00016593679761390238	0.000171113477441336
0.094687	-0.0004148171036313023	-9.161674154930979e-05	0.00042481390843188697
0.094747	-0.0003172148413475853	0.00018296672651711666	0.0003661995065310207
0.094807	-8.206334133520815e-06	-0.0002503429894737112	0.00025047745666735295
0.094867	0.0001440791234731506	-0.00014596425511813604	0.00020509597166444706
0.094927	-0.0001847892519240948	-0.00020753288364022164	0.0002778794080508528
0.094987	0.000194799559535685	-7.726579293474675e-05	0.00020956352534048486
0.095047	4.307828704044413e-05	4.197835220502557e-05	6.01491551743503e-05
0.095107	4.573721559476856e-05	0.0001772843591773441	0.00018308915014080953
0.095167	-0.0003147128596387365	-0.00045997224357312066	0.0005573317224774499
0.095227	-0.00043888862086931236	3.443027338813915e-05	0.0004402370557485467
0.095287	-4.334052827334708e-05	1.1525781216688936e-05	4.484690651168458e-05
0.095347	-1.2944294998957259e-05	1.900565572876023e-05	2.2994993426835034e-05
0.095407	-0.00011542018833826933	3.866786250213308e-05	0.00012172519651463058
0.095467	-0.0002591187897151018	-1.3201104632494602e-05	0.00025945484452393104
0.095527	-0.00010697476590573984	-3.865282242304649e-05	0.00011374375245197165
0.095587	0.00042458371694080726	-1.5212125240980373e-05	0.00042485614205942557
0.095647	1.4015383306278652e-05	0.0002684020748825871	0.00026876775247506874
0.095707	0.00027054770685199637	0.00018095085551625813	0.00032548313903325236
0.095767	-0.00010451882853541487	-0.00018009700416629908	0.00020822851972794552
0.095827	-0.00032580645416934644	-0.00012212172762922542	0.0003479418944846239
0.095887	-9.958656252175306e-05	-0.0001735426230772044	0.000200086295031458
0.095947	-0.00021655627786400727	-3.1677084819424205e-05	0.00021886082149386656
0.096007	5.7212973425897404e-05	-0.0001322822881687686	0.00014412469632716518
0.096067	0.00013916445234365252	3.8855579948620235e-05	0.00014448702671607702
0.096127	-0.00034665166184836963	0.0004017786201060006	0.0005306537800077545
0.096187	0.00019994806417758363	0.0002893933397941996	0.0003517495323175344
0.096247	1.7550690837660928e-05	6.315571854727031e-05	6.554900101528e-05
0.096307	-0.000579027473793587	-0.00045074412963463424	0.0007337868122335445
0.096367	-0.00016085063250198577	2.219667851377906e-05	0.0001623749319117115
0.096427	0.00016753547649488772	-7.048660758691045e-05	0.00018175945019030008
0.096487	-0.00026359155235262266	-4.259000274311091e-05	0.0002670101398923337
0.096547	-0.000151438243838486	-0.00045105534146295753	0.00047579876288106294
0.096607	2.189237645277281e-05	-5.979821339889579e-06	2.269436956619241e-05
0.096667	0.00016286895008231213	-5.080469058913728e-07	0.00016286974247101046
0.096727	-6.0117069043916574e-05	0.00038004036967495574	0.0003847658308284508
0.096787	1.1507795526027387e-05	0.00014056679907839932	0.00014103706732989006
0.096847	2.7274126343929026e-05	0.0004003727491139228	0.00040130065561977944
0.096907	-0.00016156751111770005	7.312952975043103e-05	0.00017734708559851586
0.096967	8.337515230022825e-05	-0.00021154558897283656	0.00022738283188259963
0.097027	0.0001232923460282576	0.00022452054550064766	0.0002561454234239995
0.097087	-0.00034014341090694746	0.0004289819788163674	0.0005474697052190366
0.097147	0.0002711057177675275	-0.00011701045543021086	0.0002952791169152191
0.097207	2.5272722716976296e-05	-8.455573144561182e-05	8.825181150453285e-05
0.097267	0.00020187800243943137	0.00028447830187254715	0.0003488303772684127
0.097327	-0.00017643941888111038	-0.000229017379364694	0.00028910176164488534
0.097387	7.987028546259218e-05	0.00020830912309427146	0.00022309628697981575
0.097447	-0.0002423632408508854	0.00015959020605491503	0.0002901878260444337
0.097507	1.2238221915769791e-05	0.00041094603331781024	0.00041112822376395227
0.097567	0.0003182862851538246	-7.833038134705576e-06	0.0003183826562541394
0.097627	0.00022822774486508764	0.00029897945601777725	0.00037613377759367685
0.097687	9.062862613276106e-05	-7.172371497914278e-05	0.00011557611848959581
0.097747	-0.00010104321850594974	-0.00019403046877377494	0.0002187636962994819
0.097807	-0.00020567163508089436	-1.4665708200724975e-05	0.00020619385168786528
0.097867	-0.0004036481147721987	-0.0003606272521439297	0.0005412797941435017
0.097927	-0.00017600750571880716	-0.00018255913359305887	0.00025358722232715955
0.097987	3.895571011315196e-05	0.0002725202174412925	0.0002752904216725843
0.098047	-4.019660969111116e-05	-7.150695063500676e-05	8.20305517461441e-05
0.098107	-0.00015749145355112596	-0.0004749315572595029	0.000500363409955787
0.098167	8.287301425590797e-05	3.5404726082827545e-05	9.011898313263401e-05
0.098227	0.00022113921835930785	-0.0003274979524373257	0.0003951676387904334
0.098287	-7.993946245037062e-05	4.022991753726716e-05	8.949169750267078e-05
0.098347	-0.00017955391804546129	0.0002778984137508606	0.0003308581838956394
0.098407	0.00022698887945182093	-7.898660140036673e-05	0.00024033899932298484
0.098467	-4.750057561933952e-05	-0.00019398398605104404	0.00019971502579530726
0.098527	0.00014848786754183317	4.026434203681708e-05	0.00015385013502359623
0.098587	-0.0002811672195127737	0.00024736758339052775	0.00037449396075372695
0.098647	-0.00024145242388796126	3.3884912042008786e-06	0.00024147619939450074
0.098707	-0.00014548069724529316	-0.00021650401451125747	0.00026084213917706517
0.098767	-0.0001653727855690369	-5.599071844530299e-05	0.000174594154423577
0.098827	-0.0002073547490439796	-0.0001169366774609225	0.00023805499046794122
0.098887	7.722101063961997e-05	-0.0001448933355899873	0.00016418636722516575
0.098947	0.00010354550435206068	-0.0003608196143727047	0.0003753830917710465
0.099007	9.204956152123024e-05	-0.00020726534246995847	0.00022678633990044444
0.099067	0.00023538869601710713	0.00015397906371918604	0.00028127813686184574
0.099127	-6.383486138962799e-05	0.00037051728288767596	0.0003759759918493455
0.099187	-2.7534571148365105e-05	0.00039560121399362505	0.0003965582846462223
0.099247	-5.4235619784962364e-05	0.00019707140032152652	0.00020439823697416366
0.099307	-0.00016702353015923035	-0.0003093032414107516	0.0003515186407205868
0.099367	0.00018726748860010392	-0.00015716722826395005	0.00024448036716015183
0.099427	0.00015530425516723341	3.681030575500082e-05	0.00015960704960253413
0.099487	-4.649714325574083e-06	-0.00020606710964014865	0.00020611956122298169
0.099547	5.5981026955415986e-05	-2.2746518079540127e-05	6.042581785731871e-05
0.099607	0.00023670748740452853	-0.00011264440795172835	0.00026214346689582105
0.099667	-6.28848913624755e-05	0.00011771688932611839	0.00013346076425035168
0.099727	-6.607825355016242e-05	2.563137003684993e-05	7.087526170819746e-05
0.099787	0.00021666500784870996	0.00016436468857735005	0.0002719549162585792
0.099847	-0.00018803743412561336	-0.00028509287905392235	0.0003415201697115395
0.099907	0.00013484154032160998	-0.00034830387452613966	0.0003734940829601256
0.099967	-0.0002945765862760993	3.5198585915087644e-05	0.0002966720506426279
0.100027	-0.0003488057771073714	-0.00017430850898969701	0.00038993451559164206
0.100087	-4.1502656466048496e-05	-0.00011087953024348167	0.0001183923169836371
0.100147	0.00029260459182575227	1.7521598300457785e-05	0.00029312873206923556
0.100207	0.00011932508617888471	0.00015402792921779163	0.0001948411639534092
0.100267	-0.00025754503906061106	-1.3039872233895904e-05	0.00025787494142046454
0.100327	3.7688231532491864e-05	-4.28237131158931e-05	5.704623739633516e-05
0.100387	0.00012677669474750938	0.00041539820737715547	0.0004343132521847076
0.100447	4.312671483113265e-05	-0.00029670910358746573	0.00029982695956802036
0.100507	-0.00023245707828012429	0.00015225623465862183	0.00027788172706198793
0.100567	-5.696013366001142e-05	-7.631574143614401e-05	9.522893057004659e-05
0.100627	0.0002289061999616456	-0.00021868257426030342	0.00031657560971432084
0.100687	0.00015765400418029136	-0.00011069333153134467	0.00019263384614233168
0.100747	-0.00019424134206994374	0.00012210802526312254	0.00022943423633536533
0.100807	4.257890396790936e-05	0.0005121143565295947	0.0005138813843941316
0.100867	-0.00046329749512625737	-0.0002694167700928395	0.0005359383966441688
0.100927	0.00019184278947796224	0.00011540301723927397	0.00022387834254928256
0.100987	-0.0003713631794600717	-0.00032726477066913264	0.0004949877182110819
0.101047	5.385791541957586e-05	7.018185464059259e-05	8.846563046819626e-05
0.101107	-0.00017811224013125697	-0.00018722311373310828	0.00025841142467099813
0.101167	4.510340186204107e-05	-0.00027701451287447907	0.00028066235444500513
0.101227	-1.558941011198568e-05	0.00025355328307222745	0.00025403207880963537
0.101287	0.00010058788700400087	-0.00018472477605437329	0.00021033584074110623
0.101347	2.314100725815172e-06	2.1267666163960195e-05	2.1393192520773415e-05
0.101407	-0.0002747216403547379	-0.00032963713990032204	0.000429106774219264
0.101467	0.00011644110369136751	-0.00015531640136217105	0.0001941177868227402
0.101527	-0.00023698901650665577	-0.00015098788381804744	0.00028100024022168407
0.101587	0.00047114346450508277	0.00010085525287706275	0.00048181733694290045
0.101647	0.00010035917720780752	0.0004422933475243368	0.00045353651420157107
0.101707	0.00011213052657869601	0.00018301541255027185	0.000214634331414529
0.101767	-0.0002693638705118576	-3.759880436176144e-05	0.00027197530186868585
0.101827	6.590076720432392e-05	7.646439133477412e-06	6.634289072342619e-05
0.101887	-0.0001667215688680667	-4.7373778805711445e-05	0.00017332154062366854
0.101947	-0.00027050315963252894	0.00018411368008144766	0.0003272152297255051
0.102007	-0.00013220182586855755	0.000154695950512092	0.00020348995028703513
0.102067	0.00019550094252940783	-0.0002576383032791786	0.00032341631660517815
0.102127	-0.00018522081249415935	0.00011133589324379286	0.00021610745129539095
0.102187	-0.0002062221481771559	-3.4099706827041084e-05	0.00020902240168099446
0.102247	-8.314166023208374e-05	1.5795974729964e-05	8.462888681660014e-05
0.102307	-0.0002392270408505478	0.00018274274855362068	0.0003010390161142597
0.102367	-0.00013719709675066874	0.00035652859467982226	0.0003820152905070442
0.102427	0.0001260438222173372	8.023963758247982e-05	0.00014941701562580956
0.102487	-1.788814481323324e-05	-9.542889869545976e-05	9.709099047330563e-05
0.102547	-0.00016808440033757365	8.771020664668117e-05	0.00018959284265721965
0.102607	-0.00015183787885202237	-0.00030199979295163253	0.00033802162119768366
0.102667	0.00010987216656806457	4.439010633155947e-05	0.00011850052542705319
0.102727	0.00011283235051498213	-0.00018275172413647923	0.00021477740104022022
0.102787	6.590183463519424e-05	0.00028483614851360626	0.00029236053650988814
0.102847	3.250931963929409e-05	-2.96749951131461e-05	4.4016601395099065e-05
0.102907	6.703063876221071e-05	-0.00034074649790933454	0.00034727695341088517
0.102967	-0.00019437104809465845	-0.00041450801317840337	0.00045781764636864254
0.103027	0.0005378965729370617	-6.910090232847928e-05	0.0005423169349006591
0.103087	-0.00019184525204525416	-0.0004037488654852713	0.0004470097841355945
0.103147	1.986117643398484e-05	1.4996900648163766e-05	2.4887212748573703e-05
0.103207	3.843727257772521e-05	-0.00010645355129517246	0.00011318030971228281
0.103267	0.00019217094271905036	-0.00019045337185391654	0.00027055897337928885
0.103327	0.00020423934525398317	0.0001395517602461945	0.0002473628992747034
0.103387	-0.00022368814673831894	-0.0002910734943009064	0.00036709694370256403
0.103447	1.61504779817818e-05	3.160647671708762e-05	3.5493764374997204e-05
0.103507	-9.035741356424993e-05	-5.507094478855719e-05	0.00010581715903351976
0.103567	0.0003155816539487105	-0.00015370021798791043	0.00035102070782011546
0.103627	-0.00016129115934570274	0.0001499869048463406	0.0002202519232798345
0.103687	7.022177200113627e-05	-5.592503513370592e-05	8.97703003096559e-05
0.103747	-3.7600443090249014e-05	0.00014627164990975653	0.00015102711308869488
0.103807	4.4350948305987454e-05	0.00014610742139826104	0.00015269048825414567
0.103867	2.249003721940865e-05	9.985613421326943e-05	0.00010235745851743714
0.103927	7.906262691965662e-06	0.00011021474723612145	0.00011049796151095507
0.103987	-0.00010131830584147965	-0.00027267901504275714	0.00029089387127142395
0.104047	-0.00012057199792338467	-8.273409114509479e-05	0.00014622768725806182
0.104107	-7.480208218420724e-06	9.000503524995572e-05	9.031533582585353e-05
0.104167	-2.590130995936515e-05	-0.00020642895006337957	0.00020804756495061499
0.104227	-0.00021314944695758077	7.090048381030625e-05	0.00022463206659526159
0.104287	0.00010387912090826409	-0.0003664155791553342	0.000380855941805314
0.104347	-2.377333917348699e-05	-0.00012890101125448427	0.00013107494939112633
0.104407	-0.0002437257375104767	0.0002780471997052622	0.00036974650828501917
0.104467	5.439981659764151e-05	-8.457663310812704e-05	0.000100561160065722
0.104527	-0.00017991894081329283	0.00018241471644700355	0.0002562146639827976
0.104587	0.0002352434063173042	2.235372315983336e-06	0.00023525402675652406
0.104647	0.00017130308498531147	0.00022415862317918422	0.0002821202496650539
0.104707	0.00036694169973589956	-0.00012128758896425247	0.0003864671916758686
0.104767	-0.00015719654701656157	0.0001611545025112198	0.00022512558289445648
0.104827	-0.00016345561541339173	-8.693157266675973e-05	0.00018513464434429
0.104887	-0.00027504316628242895	0.0002493291904290322	0.00037123279558608566
0.104947	0.0001556737276392035	-8.827833283387293e-05	0.00017896193317298783
0.105007	3.73601349825121e-05	-0.00018885846486306547	0.0001925183093535398
0.105067	-4.5916715389988905e-05	0.00011597968126542872	0.0001247382508240182
0.105127	0.0003403026931459017	0.00016820866841409663	0.0003796051620987223
0.105187	0.00019957968551472872	6.0037199015249086e-05	0.00020841428966305225
0.105247	-0.00012434388299898406	-4.412238285825086e-05	0.00013194008453974517
0.105307	0.00019352949825516007	0.0003920316615373896	0.0004371984564733279
0.105367	0.00017976808086640514	-3.5417201330409866e-05	0.00018322374586409143
0.105427	0.00017984250885867003	0.0005056547858744678	0.0005366843490081807
0.105487	-0.00020751372083176807	0.000248024253831694	0.00032338518027611216
0.105547	4.708003971785127e-05	3.225020309758523e-05	5.7066678015019846e-05
0.105607	2.910227220523342e-05	-0.00020101126297429096	0.00020310704096615425
0.105667	1.3524606205137291e-05	2.340504774562863e-05	2.7031670924661577e-05
0.105727	0.00016046372143125142	-0.00025238847169448364	0.0002990794986953192
0.105787	-0.00013711142459738282	-0.00033710498569598487	0.0003639221264724281
0.105847	0.0001237522091672532	-6.20366194314279e-05	0.00013843103490278257
0.105907	-3.147612271832737e-05	7.705541440182393e-05	8.32363093248134e-05
0.105967	0.00034747778221925026	0.00015709394854673906	0.00038133884906473166
0.106027	-0.00015337584595243807	0.00018109570709465327	0.00023731794127233294
0.106087	-4.485473999693996e-05	-7.503543955957937e-05	8.742004855919708e-05
0.106147	-0.00011778909268935113	-0.0001301084245102325	0.00017550633175220608
0.106207	0.0003961045259883506	-0.0003741495046549791	0.0005448730561718226
0.106267	-3.362572678811606e-05	0.0002145312749031397	0.0002171505409009969
0.106327	-0.0003019399419393491	-0.00019733236440281442	0.0003607045752123788
0.106387	-7.421842647136591e-05	0.0004196561434925704	0.0004261685741569202
0.106447	-1.794297333042678e-05	-0.00016911716341775582	0.0001700663554451742
0.106507	0.00031102007743209975	0.00013907324045116237	0.0003406976001903391
0.106567	-0.0002031414976418791	0.00019483184159721286	0.00028147098352112075
0.106627	0.00025711291186462324	-0.0001722709280318743	0.00030949042326454743
0.106687	4.303697345396517e-05	-3.7883019664777175e-05	5.733501777272941e-05
0.106747	-0.0001553274562453376	-9.04452091752639e-05	0.00017974135452478515
0.106807	-8.794469036403125e-06	-0.00013594020536999147	0.00013622438152426206
0.106867	-0.0002901977350488029	-0.0002165912801015046	0.0003621139434535263
0.106927	-0.0001683280689463183	-0.00031103842746814457	0.0003536654381715193
0.106987	-0.0003409616844148605	-0.0003541005414120547	0.0004915710158942746
0.107047	-0.0002043713583088654	-2.306222631293678e-05	0.00020566846714924422
0.107107	-0.00014478922304783846	0.0001039814639531339	0.00017825841903437156
0.107167	4.9937088054411466e-05	0.00026313223523294403	0.00026782883709944197
0.107227	0.0003249561931002416	-0.00013072208700146476	0.0003502638883245317
0.107287	0.00010558784331823033	-0.0002460791244602903	0.00026777551820832726
0.107347	-5.592684452889883e-06	-3.717154918832977e-05	3.758992136796798e-05
0.107407	-0.00013618700506777974	-0.00013942251150592366	0.00019489878671749314
0.107467	-0.00021125927683330283	-0.0001070979466108922	0.00023685534027418422
0.107527	-0.0003841016584665358	2.558524521159382e-05	0.00038495283972102436
0.107587	-0.00022431960908949678	0.00017053230990800427	0.00028178104220231753
0.107647	-9.728877921198642e-05	0.0002366825617165561	0.0002558979124206957
0.107707	-0.0002096155705887239	3.989012031847765e-05	0.00021337738664689592
0.107767	0.0002177448805164063	0.0002603699463840114	0.00033941912434498595
0.107827	-0.00018941153452656614	-0.00023718520337083477	0.000303535088762029
0.107887	0.0002548258314673179	2.170651654022197e-05	0.00025574866029623856
0.107947	0.00010757267775414348	0.0003174498866562463	0.0003351810130918224
0.108007	-2.4716689270845625e-05	-0.00023164557908341246	0.00023296048814638295
0.108067	2.456089319619815e-05	0.0001214715715806973	0.00012392973887198958
0.108127	0.00028896129015978174	0.0002063930681278751	0.00035510100785838845
0.108187	-0.00023083229760833743	0.00028065165656470184	0.00036338533535581124
0.108247	0.00021145176624297557	6.330746177877597e-05	0.00022072535913244125
0.108307	-0.0001043555624737237	0.0001182527569032668	0.0001577142921057897
0.108367	-8.971321494934089e-05	0.0004495393851530377	0.00045840388277186073
0.108427	-5.947234031986433e-05	-0.00013750477245072414	0.0001498149582313034
0.108487	-0.0003738825113746323	-0.00010751616564322446	0.0003890345205588102
0.108547	0.0002872026843059094	0.00014142499114352415	0.0003201349871420894
0.108607	0.0002979050263289476	0.00032463123727232286	0.00044060508953598133
0.108667	-0.00018313047032413016	0.0001095484847019544	0.00021339550056557297
0.108727	-0.00011512712917277862	-8.254826362094194e-05	0.0001416632334037247
0.108787	0.00011651688414346533	-8.109708339483379e-05	0.00014196098487137353
0.108847	-8.432743064496064e-05	0.00024837276129980267	0.0002622978156883305
0.108907	-4.2825014225023256e-05	0.00010704348343864132	0.00011529219049897579
0.108967	-0.0003011446159325201	0.00031766898074840193	0.00043772326992618703
0.109027	-0.00015728611131143202	-0.0002394375978535452	0.00028647737096906665
0.109087	1.3216449236519482e-05	3.285864947608172e-05	3.541702099010449e-05
0.109147	-0.00014861490090309085	-8.600371532591132e-05	0.00017170622533937407
0.109207	-0.00029947561601638574	8.994429384450623e-05	0.0003126909346040921
0.109267	5.389455494851303e-05	-0.00011046937067075401	0.00012291503125936524
0.109327	0.00022599562703089432	-0.0002863226004252996	0.00036476657597893044
0.109387	-0.00015798951593955357	7.51643289100772e-05	0.00017495817639457927
0.109447	-0.00011158538672237245	-0.0002185953717764894	0.0002454286761812544
0.109507	-0.00031759519845834833	-2.0798718184077407e-06	0.0003176020087319642
0.109567	-0.0002330051743024075	-4.6414900595506326e-05	0.00023758315228354477
0.109627	1.4229321516486356e-05	-0.00010593391949785037	0.00010688530718015729
0.109687	-0.0002705717470940458	-0.0002652207563591844	0.00037888140615403935
0.109747	5.38882104143972e-05	7.61519460302229e-05	9.329018225867248e-05
0.109807	-0.00011701940322049174	-0.00023560093273758948	0.0002630614761551037
0.109867	-4.824451524726076e-05	-2.5385880632274326e-05	5.4515834277017684e-05
0.109927	-0.00019504168557665232	0.00015897387795975055	0.0002516226400508177
0.109987	3.745119198860024e-05	0.00016373061801703076	0.00016795924225122542
0.110047	-0.0001359807318260403	0.000263941002220809	0.0002969101077452073
0.110107	0.000248933840567631	0.00041819465538323747	0.00048667733332348186
0.110167	-9.730271935809859e-06	0.00021552205624922885	0.00021574159293432635
0.110227	-0.00030205289401304364	-0.0002472050001013038	0.000390315593919511
0.110287	-3.115323231776009e-05	5.092245951630008e-05	5.969606994630009e-05
0.110347	-4.6112510090659403e-05	0.000251391830596973	0.0002555860248091791
0.110407	-7.245256853281682e-05	0.00013158382371047516	0.00015021210786508496
0.110467	0.0001517724167611173	0.00018948184167701665	0.00024277198111566394
0.110527	-1.6326898666195203e-05	0.0003623259845880831	0.0003626936541046452
0.110587	-8.09655419929716e-05	0.0001565819121069622	0.00017627624397316868
0.110647	-0.00014798484194871115	-0.00024302758180768557	0.0002845380799926019
0.110707	-5.340152428045576e-05	0.0002940615074154066	0.00029887103061169604
0.110767	-0.00023699095695273173	1.345242949126786e-05	0.00023737245319663586
0.110827	-3.348167829959501e-05	0.0002000584649827529	0.00020284085434895245
0.110887	3.0287691034292264e-05	-6.654536124970438e-05	7.311381081603122e-05
0.110947	5.278792436979099e-06	-0.0001857777231495391	0.00018585270530239667
0.111007	-0.000413961733159317	-0.00033158000189805663	0.0005303862876988628
0.111067	-0.00014300922504543336	-0.0001264961779402992	0.00019092648187613799
0.111127	-0.00013344436948646777	6.848724161764519e-05	0.00014999300654375402
0.111187	-2.330036534266336e-05	0.00030130020722977723	0.00030219980460253164
0.111247	6.450157657097369e-05	-5.515022106170194e-05	8.486459958837828e-05
0.111307	-7.437671157107446e-06	-0.00019557624812383743	0.0001957176225648526
0.111367	0.00016936124662758633	0.000240379023248384	0.00029404983706354484
0.111427	0.00035374178864338164	0.0001821086866105871	0.00039786533748449604
0.111487	-4.581246744985552e-05	-7.420491554750212e-06	4.6409545017789074e-05
0.111547	-0.00011515970763445097	0.00011114350928186366	0.0001600457369564711
0.111607	-7.907956668780494e-06	-1.9649667738389912e-05	2.11812469157137e-05
0.111667	0.00024885450164377764	1.934659589654556e-05	0.0002496053960978351
0.111727	-0.0005021256466208297	0.00039580837267137037	0.0006393703409379769
0.111787	0.0001256266378752657	1.491512975510119e-05	0.00012650894529421487
0.111847	3.319182750262633e-05	0.000275117425118009	0.0002771124230642275
0.111907	0.0004392307503087072	-0.00019771403677803072	0.0004816788269747949
0.111967	0.00021749521571619524	0.0002967986658435692	0.0003679587163065402
0.112027	0.00026935492275051887	-0.0002207963522808876	0.00034828595089449676
0.112087	-0.0002627307826962732	0.00011353995003914539	0.00028621457760059666
0.112147	-7.31767682929658e-05	0.00010689321155933661	0.00012954149179035844
0.112207	-3.0813419784535676e-05	-9.259106268186524e-05	9.758366526921968e-05
0.112267	9.194894063840175e-06	-8.19110280848744e-05	8.24254972612621e-05
0.112327	7.56007384318252e-05	-9.124947014356917e-05	0.0001184986812286085
0.112387	-3.1877314282367187e-06	-0.00021587484488164708	0.00021589837953151422
0.112447	0.00026232823992563116	-1.4331459441918255e-05	0.000262719424847526
0.112507	0.00034330433386236766	5.614427923331582e-05	0.0003478649820538315
0.112567	0.00015829975722012914	-0.00019609412789752857	0.00025201531725640037
0.112627	-3.185021476312241e-05	0.0001313944183875476	0.00013519959084205442
0.112687	-0.0001807361373222185	-1.592019437939677e-05	0.00018143594991961655
0.112747	-0.00011182703586949024	-6.40689610210842e-05	0.0001288802456456282
0.112807	0.0002238380614173089	-0.00025423056662579813	0.0003387280011246979
0.112867	-0.000532136979395074	0.00013495263307105308	0.0005489826755121912
0.112927	1.7191502143560814e-05	9.710401479769178e-05	9.8614083354166e-05
0.112987	-0.0003515863747423489	9.810473258742197e-05	0.00036501714680343023
0.113047	-0.0001537103742616132	-0.00023067890102324403	0.0002771996293881664
0.113107	-0.0005447505050768346	5.33646802447529e-05	0.0005473581111841599
0.113167	-0.0002378536573749611	-0.00021587241117323775	0.00032120906000982104
0.113227	-6.552196406953449e-05	-0.00022887261638950582	0.0002380668021974237
0.113287	-2.4624948038309193e-05	-3.786342305125046e-05	4.516665662905981e-05
0.113347	-6.07195181435248e-05	5.443586982061574e-05	8.154829125560426e-05
0.113407	-9.697214641010514e-05	0.00035063593993138063	0.0003637982401702153
0.113467	0.0003956735786864708	0.000324680019806391	0.000511834637487575
0.113527	0.00031089116198599053	0.0005571341806194826	0.0006380061205157375
0.113587	5.994186217944207e-05	-0.00026037692879196374	0.0002671875219554135
0.113647	-0.00014011262401907395	-0.0001595886499867206	0.00021236780503196428
0.113707	0.00038088808710758917	-0.0005241318035339545	0.000647911940294539
0.113767	0.0001563322993259187	8.124094528484481e-05	0.00017618138097796768
0.113827	-3.555055107341582e-05	-0.0004142352694135437	0.00041575798261456713
0.113887	-1.728955375003105e-05	0.00023643623176626612	0.00023706754387875772
0.113947	3.2637537021662835e-06	0.00024084575374897955	0.00024086786665543933
0.114007	-9.120709904027294e-05	-0.0004949464045245225	0.000503279920389334
0.114067	-0.0003176781970789621	-0.00027369824716111076	0.00041932107912482096
0.114127	-0.00019589291113797014	-0.0003912472226072635	0.00043754819372499563
0.114187	0.00020362991443600414	-0.00017890522760879657	0.0002710576000022314
0.114247	0.00021007740943210525	-0.00012753128462477124	0.0002457574953317778
0.114307	-0.0004176732188391876	0.00011207366137652409	0.0004324481741316845
0.114367	-9.221818551913046e-05	-3.915457435053209e-05	0.00010018619881506687
0.114427	0.00015361466704366634	-4.209357984313963e-05	0.00015927754202946264
0.114487	2.1697352678327493e-06	8.906084025404765e-05	8.90872663060747e-05
0.114547	0.00017646116782977898	0.00042004662806767066	0.00045560697262319135
0.114607	0.000400722093153212	0.00022302156123260946	0.00045860311023337167
0.114667	-0.00022740196245457617	0.0001055198705397731	0.000250691235600535
0.114727	-3.8204839391213704e-05	-0.00042797712583945546	0.0004296789848185614
0.114787	3.583767533697466e-05	-1.3140909940374405e-05	3.8170963933590055e-05
0.114847	-0.00022984267948387494	-7.041964428063683e-05	0.00024038840157740283
0.114907	-1.626386882004838e-05	-0.0002417284554832153	0.00024227496696789899
0.114967	4.870548392110381e-05	7.504897411323821e-05	8.94682775034727e-05
0.115027	-5.5756509038301785e-05	-0.0004066002716620103	0.00041040537181640153
0.115087	-5.1105335452838283e-05	9.666938628443916e-06	5.2011585384347116e-05
0.115147	0.00010978309301991923	0.0001120212915532627	0.0001568473693572236
0.115207	0.00011152484017920423	6.325145997287262e-05	0.00012821285881570908
0.115267	0.0002086482517423062	6.45116669642661e-05	0.00021839379141731378
0.115327	2.2469349290222364e-05	-0.00016853334568417	0.0001700245872367463
0.115387	-8.567344675162192e-06	-0.00010221900571951421	0.000102577407478787
0.115447	-6.089614714838261e-05	-5.561970298529554e-05	8.247358424180413e-05
0.115507	-1.1519109390759454e-05	-1.160372971177308e-05	1.635042581647854e-05
0.115567	9.073161891071067e-05	-0.00023934279031006416	0.00025596327459923967
0.115627	0.00023466546292871224	6.247484275285288e-06	0.00023474861139379877
0.115687	-0.00039156771486406736	-0.0003072162369451718	0.0004977018098888325
0.115747	-7.674640978492405e-05	6.388353491960794e-06	7.70118333453615e-05
0.115807	3.0563745387807506e-05	0.00011747201612793463	0.00012138293580768451
0.115867	0.00044227841886484965	6.371898906764021e-05	0.00044684483812772576
0.115927	-1.3046088843584572e-05	-2.1915952623007993e-05	2.5505086031782617e-05
0.115987	0.00023343353501277842	4.619988146626702e-05	0.0002379614345142069
0.116047	0.00015294554587689076	0.00010244910274007562	0.0001840873669099177
0.116107	-0.0002564393987195945	0.00023299167214576084	0.00034647696100165864
0.116167	-0.00023226735021975847	-0.00018088028089079726	0.00029439055350544396
0.116227	5.1291625712122856e-05	-0.0002531716739747396	0.00025831517061791846
0.116287	-0.00016357410066497114	0.0001949121689369276	0.00025445478971332315
0.116347	9.817543259773192e-05	0.0003095619483528603	0.0003247568558687726
0.116407	-5.533410428933278e-05	0.0003519853002206448	0.0003563081737329642
0.116467	-0.0002816408159170996	-0.00015022027583137603	0.0003191984969596572
0.116527	0.0003449598387259728	4.531142791058892e-05	0.0003479230027364469
0.116587	5.623854856577354e-05	5.378343358863911e-05	7.78166567861176e-05
0.116647	1.8453159838837032e-05	4.585849336186408e-06	1.9014445092399336e-05
0.116707	0.00015798607461547926	-0.000161596538480514	0.0002259934534921134
0.116767	0.0001062056737758663	-0.00019049584618970354	0.00021810161062614124
0.116827	0.00024529154087267544	0.00011538678894471881	0.0002710757294312135
0.116887	-0.00032109411359696946	-0.0002643514289007049	0.000415912379893251
0.116947	7.308467553449565e-05	-0.0005214325626422475	0.0005265294741813073
0.117007	-0.00022338497910207668	-0.0001475791880154454	0.00026773207806262854
0.117067	-0.0005096702925179214	-0.00020126162344461112	0.0005479690211561818
0.117127	0.00016185518027508376	-0.00011904638401941068	0.00020092073295201982
0.117187	-0.00022000798585048204	-0.00020397836526461326	0.00030001781169458906
0.117247	-8.49180836927601e-05	0.0002038719984190354	0.0002208503399984292
0.117307	4.327147632184782e-05	-0.00016501575851564327	0.00017059490385578735
0.117367	-1.1143089748774139e-05	9.370645798683816e-06	1.4559445450758967e-05
0.117427	0.00013745561027770785	1.8636040031239814e-05	0.00013871318172712743
0.117487	0.00026865324882272294	-0.00019008394029821794	0.0003290994871802452
0.117547	0.00015172246455881687	0.00011741682358943623	0.00019184998491955695
0.117607	-1.0075156707027008e-05	0.00019754011576847465	0.00019779688096755601
0.117667	-0.0001114043094895299	0.00010581058926129624	0.0001536450486434942
0.117727	-6.510935582149662e-05	-1.4537589244311113e-05	6.671259038986993e-05
0.117787	0.00019428198178202973	-0.00022508490619580155	0.0002973360110082963
0.117847	-0.00019345246373403372	-0.00019692741847493443	0.00027605119791801225
0.117907	2.3159692810605055e-06	-0.0002931910926061314	0.0002932002395928215
0.117967	-8.551296949446525e-05	0.0001587327014626265	0.0001803012436601164
0.118027	2.5565160308277114e-05	0.00012224985481158716	0.00012489437306396973
0.118087	-0.00011955965068147711	-7.382034829251512e-05	0.0001405131804960128
0.118147	-0.0002200692789999356	0.00022540027027591472	0.0003150170938219177
0.118207	-2.5006135121918805e-05	0.0004347063572220684	0.0004354249921662929
0.118267	-4.808060334100621e-05	-7.736229343121855e-05	9.10860519650135e-05
0.118327	2.3096949534772455e-05	0.00047120471025385597	0.00047177043998456727
0.118387	-0.00023409085939332381	2.738697583014191e-05	0.00023568745595942454
0.118447	0.00010375769333085089	-0.00021294095470564473	0.00023687445855619457
0.118507	-6.999650325396206e-05	-0.00013294879113438416	0.0001502494310534187
0.118567	6.376979881270872e-05	0.0003798605240904976	0.0003851760701327652
0.118627	-2.3318252991604455e-05	-2.5533105805856482e-05	3.457861209871692e-05
0.118687	-9.92737807001278e-05	0.00017590795679488794	0.0002019873580159145
0.118747	-0.00016920535827840636	1.0803339154009928e-05	0.00016954989061335435
0.118807	0.00012455722424692915	-0.00013583686177237622	0.00018429909150147062
0.118867	3.788402660988551e-05	-0.000318500289537734	0.00032074543474194437
0.118927	0.00017636885643607038	-0.00025842359490728666	0.00031287174357134365
0.118987	0.00016653172834082164	-7.900194568944132e-05	0.00018432070954425782
0.119047	-0.00019386601548312984	-0.00025840688403642873	0.0003230451201871365
0.119107	0.00043933934065026675	0.00022001628689909705	0.0004913514248924867
0.119167	-1.9742346481892373e-05	0.0002941873469204344	0.00029484903820886903
0.119227	-0.00014782676277925848	0.00014749928803653686	0.0002088271815762508
0.119287	0.0002992412103924515	-3.141142636337108e-05	0.000300885326500514
0.119347	0.000450012554897606	2.8605039051338025e-07	0.0004500126458115336
0.119407	-2.7933398252001017e-05	-0.0002451205831879331	0.00024670706321525804
0.119467	4.457583954787923e-05	-0.000333139687995844	0.00033610869847322685
0.119527	7.708460459307142e-05	-1.8316748752752527e-05	7.923092546563891e-05
0.119587	0.00018660309026913605	2.2831260580212768e-05	0.00018799462693830618
0.119647	-0.00010239230273131806	-0.0002778876744989231	0.0002961515546085168
0.119707	-0.000256517034070116	-0.0002448737008251742	0.0003546323703836777
0.119767	0.000156212250855905	-0.00011909261458415187	0.00019643145920640497
0.119827	7.898612455657636e-05	-0.0001408627713546929	0.00016149652697872944
0.119887	-8.15765873941884e-05	0.00018882740976468946	0.0002056952364283714
0.119947	0.00010703345792147425	-0.00012981128108148054	0.00016824722824059583
0.120007	9.30249638843448e-06	7.298417523263413e-05	7.357463063750086e-05
0.120067	4.6895979867042565e-05	-1.1020046219912766e-05	4.81733779838935e-05
0.120127	-0.00011465575743504114	0.00018320820789453825	0.00021612771722509666
0.120187	0.0002625748982084923	0.00033251803400250173	0.00042369071279187723
0.120247	4.8135810948073436e-05	-0.0003912536087560937	0.0003942035548549697
0.120307	6.365005851808884e-05	9.894942111100341e-05	0.0001176533802640571
0.120367	9.668543385739242e-05	7.30309838239366e-05	0.00012116764303428656
0.120427	0.00010622128910283938	0.00010364633939369767	0.00014840999268372242
0.120487	-0.0004130330288900133	2.727657358403638e-05	0.0004139327172627744
0.120547	0.00021627543551513658	-9.558191377986675e-05	0.00023645499835927316
0.120607	-1.8441155733566778e-05	0.00020570209785348415	0.00020652706671551318
0.120667	0.00020623490483292825	0.00013657623348217268	0.0002473578450820267
0.120727	9.847433950659344e-06	-0.00016408137468098408	0.00016437660865407244
0.120787	-0.0001868970476360864	-0.00022481121185756103	0.000292353531519547
0.120847	-0.00010027396146533882	9.584346303276434e-05	0.000138711343278281
0.120907	0.00011399257861089603	6.370011361004355e-05	0.00013058335442273555
0.120967	-2.238814684856782e-05	0.00012618072333710944	0.00012815148872014398
0.121027	-0.0003680589705453393	-0.00020448297406308732	0.0004210471380743256
0.121087	0.0003142295895578805	0.00022040063314251074	0.0003838185431207482
0.121147	0.00024417432949519556	0.00033075711195889115	0.00041112208684989765
0.121207	0.0003244429933429034	0.0004152838584033274	0.000526995198251045
0.121267	1.1700136157497752e-05	-0.0005790288924727502	0.0005791470896968435
0.121327	0.000388659982739818	-1.884270261845973e-05	0.00038911647308393835
0.121387	6.983309466880499e-05	-0.00010907151783093858	0.00012951160995434746
0.121447	0.00017373897375766247	1.4718829986060827e-05	0.0001743613344710469
0.121507	0.0001569055607600519	0.0002646298617825976	0.0003076496688516064
0.121567	-2.0646951396272587e-05	-0.00012933313918723216	0.00013097082688134793
0.121627	0.000295915880765981	-0.00020539874422045108	0.00036021500887226305
0.121687	-0.000348098372706197	-7.428278090028026e-05	0.00035593596140174076
0.121747	2.6620402180463723e-05	0.0002704975110727665	0.00027180424814342226
0.121807	-5.6588635338146914e-06	-0.00017968330922187766	0.0001797723959606125
0.121867	-0.00013718925841894926	-0.00022184797015053419	0.00026083982534393313
0.121927	-2.4558349378268416e-05	-0.00029350365150123726	0.0002945292956035865
0.121987	0.000403195715237012	-5.773914519527445e-05	0.00040730896586420323
0.122047	0.00023044094329048107	-0.00032796555664270854	0.0004008296828935806
0.122107	0.00017275596196117578	-3.1435242238211735e-05	0.00017559270157869962
0.122167	6.776190714697108e-05	-0.0003183776809407207	0.0003255088689750036
0.122227	0.00011271018534850117	-0.0004307990996738172	0.0004452992815636075
0.122287	0.00013503222280944433	0.00028660308241168817	0.0003168201825085333
0.122347	5.396864463755218e-06	7.048834006554249e-05	7.069464075328275e-05
0.122407	-5.010732383472184e-05	0.00017371838551267339	0.00018080050156735598
0.122467	-0.0001912724140594612	-0.00022668174867896312	0.0002965969513738915
0.122527	-0.00010812388715978973	-0.00017186837853514094	0.00020305052207478176
0.122587	0.0002425764545198457	0.0001102932225095211	0.000266473134141049
0.122647	2.101198097648e-05	-0.00019454789124084932	0.0001956792920337185
0.122707	3.802634189551729e-05	6.912739526366264e-05	7.889613079165176e-05
0.122767	-0.00014116932020675967	0.0002254293254586987	0.00026598337869950173
0.122827	0.00013774200503997841	7.754666780341461e-05	0.00015807069823293177
0.122887	-0.00011673902848023402	-0.00010541230845880186	0.00015728876484073006
0.122947	-0.000516918290517301	-0.0002900174809524334	0.000592718025986492
0.123007	-0.00013290808088638634	-3.92392416490855e-05	0.0001385794936132238
0.123067	-0.00020823383519639427	-0.00037373015556139587	0.0004278265528184807
0.123127	-1.4574894503052466e-06	0.0004118140350570772	0.0004118166142174079
0.123187	-2.4153761468556325e-05	-7.316166584474813e-05	7.704565881513701e-05
0.123247	-0.0001320399629909254	-0.0003755219097210706	0.0003980593630442636
0.123307	1.5145902725836917e-05	0.0002299201859510658	0.00023041851114255813
0.123367	-0.00032266063219460423	5.893838106474288e-05	0.00032799941513782384
0.123427	-0.0002834725868720076	-9.96261700727454e-05	0.00030046976764937846
0.123487	0.0002376905754047857	0.0001968989453049876	0.0003086519144578154
0.123547	8.645584698381701e-05	-3.673901485829103e-05	9.393811095847579e-05
0.123607	3.087744902247134e-05	-0.00012612331719401572	0.00012984801884571677
0.123667	9.649679932769195e-05	-8.28761703179514e-05	0.0001272009901182335
0.123727	-8.418774415969312e-05	-0.000310686291744759	0.0003218905841195226
0.123787	-0.000291954581466252	0.00015420536780734345	0.00033017688153432617
0.123847	0.0002258029751447527	4.668369185947515e-05	0.00023057829618125864
0.123907	4.4756874022793013e-05	-6.768441808459107e-05	8.114405846235375e-05
0.123967	7.394691329899668e-05	-8.523854813717217e-05	0.00011284394567269592
0.124027	5.5170281805174236e-05	-0.00012176097568017053	0.0001336768311752243
0.124087	9.707925542752636e-05	4.204684108566453e-05	0.00010579375539059966
0.124147	0.00014256350739334222	-0.0003954938078640579	0.0004204042170329692
0.124207	-0.00011255463243052321	-5.437785140421918e-05	0.00012500198400389303
0.124267	-7.978240547114044e-06	-0.0005082576285419874	0.0005083202428522323
0.124327	5.016766121717272e-05	0.0006398661713782159	0.0006418298150648794
0.124387	0.00034868948808087705	-9.75263450787159e-05	0.0003620714668163136
0.124447	-0.00021363484235999486	-0.00019847717984102734	0.0002916042468617824
0.124507	-0.0005063958952536666	-7.387300209302876e-05	0.0005117558237753617
0.124567	3.443731286342922e-05	-0.00036065868687576745	0.0003622990711224728
0.124627	-5.684370815776078e-05	-0.00040471864074726464	0.0004086910634274233
0.124687	0.0001439165280413091	-0.00030294086283529765	0.0003353880341020823
0.124747	-0.0002127642693694684	-0.00016113403471190897	0.00026689475727871163
0.124807	0.0004918845039837809	0.00018890228237842144	0.0005269102746646217
0.124867	0.00010682497493053012	-0.00029279635248967504	0.000311674957768773
0.124927	-7.944116044052239e-05	0.00010497650015542797	0.00013164711754162865
0.124987	3.4361762480018595e-05	9.13756473049687e-05	9.76229462838284e-05
0.125047	-0.000102984974251102	2.7714761875502153e-05	0.00010664901756376346
0.125107	-3.667161196282307e-05	-0.00010552391059764701	0.00011171438059521284
0.125167	-0.00012692967851974028	-0.0001744100866800187	0.00021570818627223272
0.125227	8.792267489507127e-05	-0.00015577793814173285	0.00017887750773195032
0.125287	-0.00018944515517184255	0.00027086766025931027	0.0003305431230451431
0.125347	-0.0006068542331904385	-0.0003741966759551685	0.0007129482538284615
0.125407	-1.2763565683284774e-05	-2.3128647199006992e-05	2.6416716870339104e-05
0.125467	1.7515250560095916e-05	0.00023815228283985304	0.00023879550628941136
0.125527	-1.0160169497885221e-05	2.509850890378361e-05	2.707700488272406e-05
0.125587	0.00025416560249626473	0.00011599191579191278	0.0002793819572223078
0.125647	-0.0003127845690623709	-1.9659688339052935e-05	0.0003134018027853729
0.125707	-5.052517811341976e-05	0.00010441660372564818	0.00011599836532034335
0.125767	-0.00021734213652943737	0.00013754225967276297	0.00025720707126179553
0.125827	-0.00012316741335735869	-2.8162238727820558e-05	0.0001263460462511796
0.125887	-0.0001012851369118707	-3.8496787299508605e-05	0.00010835442580550182
0.125947	0.00013126841109847598	0.00028569631086840746	0.0003144102062531307
0.126007	0.00027803321709138394	-0.00010806864580079154	0.0002982973382573193
0.126067	0.00019607914015046804	0.00032485016859392924	0.0003794399310004828
0.126127	0.0001628204058661078	-5.6521185342147415e-05	0.0001723517593727591
0.126187	3.506898421601896e-05	1.4674922399711203e-05	3.801561523086181e-05
0.126247	0.0002636483897178912	-2.6247039949815477e-05	0.0002649516569243609
0.126307	-0.00010443053687637635	0.0003647490439821444	0.0003794042726672652
0.126367	-6.635025611797965e-05	0.00019554136453936438	0.00020649160208792533
0.126427	1.7312588845606525e-05	7.454528889619208e-05	7.65292481940974e-05
0.126487	0.000163312775454957	0.00014695070617307964	0.00021969427091202902
0.126547	0.0002231967940128149	0.00035713290416998695	0.00042114216138791903
0.126607	-0.0001991743161533981	0.00010390652159892345	0.000224648555405908
0.126667	0.0001254795487451711	0.00028769057432720543	0.0003138645945467712
0.126727	-4.12653180916807e-05	-5.372442998763272e-05	6.774319784822414e-05
0.126787	2.9189028792718706e-05	-5.104994021666761e-05	5.880557624908967e-05
0.126847	-9.296564483959622e-05	0.0004168991847408515	0.00042713878465673024
0.126907	-7.779980310935806e-05	-2.560943940329461e-05	8.190636575020222e-05
0.126967	-4.4807182029558507e-05	-4.800883916339424e-05	6.566987284323496e-05
0.127027	0.00012751216319144135	-0.00021643703543691627	0.0002512057763477618
0.127087	0.0001193876811145474	-0.0001822319078732569	0.0002178574916064078
0.127147	-0.0001508150993098256	8.107225673539154e-05	0.0001712247207385715
0.127207	2.7243336964429785e-05	0.00012332314147008098	0.0001262964632561303
0.127267	-0.00010409773453536288	0.0002267506086349653	0.0002495038613964162
0.127327	-0.00010030758952783814	-7.060893383479951e-05	0.00012266716779225142
0.127387	0.0002102493063326052	-0.00022702391118174304	0.0003094262869595885
0.127447	-0.0001134532532913771	-0.00014708188573396707	0.00018575446641590375
0.127507	0.00021936055776719196	9.743234965667425e-05	0.0002400252425549321
0.127567	-0.0003387118828803103	6.680642102815273e-05	0.0003452373639902203
0.127627	0.00016821682155111978	-0.0003326122855346473	0.0003727302396389955
0.127687	5.8586541302415575e-06	0.00010465234358232077	0.00010481620507101901
0.127747	0.00025277059402529725	-0.0001246765770275617	0.000281846096412938
0.127807	0.00023261928476929792	-0.00016010826610174568	0.00028239403060384817
0.127867	0.00020471871350183878	0.00020527706595443277	0.0002899110647503963
0.127927	-2.1536169304847545e-05	-6.490464362622861e-05	6.838435020218293e-05
0.127987	0.00014917754699892623	-4.612683496246321e-05	0.00015614616688305595
0.128047	-9.019020211176573e-05	4.7952008175647053e-05	0.00010214532610471453
0.128107	0.00045296869697078685	0.0002682776868682612	0.0005264537564751507
0.128167	-4.699667743909723e-05	-8.576597127068477e-05	9.779820815494769e-05
0.128227	-3.603543074724377e-05	0.0002906561959159786	0.00029288150589186604
0.128287	-9.285671000059368e-05	-0.0001974777253549611	0.0002182196613586956
0.128347	-0.00018343473461513482	-0.00042221671848897903	0.00046034254554073827
0.128407	0.0001742773060553357	0.00014746313863931375	0.00022829357560663553
0.128467	-0.00043504066472847277	-0.00015517338334117192	0.0004618865216315992
0.128527	-0.0002043686595620528	4.246474271523074e-05	0.0002087338098753074
0.128587	0.0002711613170677841	-3.573558258286983e-05	0.0002735059263278813
0.128647	-7.452225550410536e-05	-0.00022626814809632246	0.00023822435099787442
0.128707	0.000142857487506298	0.0001989343983873265	0.00024491459041539284
0.128767	-9.38996642517157e-05	-0.00010042983023301946	0.00013748926411621398
0.128827	-0.0003071312255269546	1.8887779143564836e-05	0.0003077114523293944
0.128887	-0.00010102628781519413	-0.00017848027302101854	0.0002050890506277109
0.128947	-3.8793436314887506e-05	6.074802084918621e-05	7.207810165515178e-05
0.129007	-0.0003009475646138399	3.733582679747209e-05	0.0003032546794521928
0.129067	-0.0001549335310581644	-0.0002210799401233811	0.00026996432907165527
0.129127	9.66890112916997e-05	6.378713345398402e-05	0.00011583420608284411
0.129187	2.6586211375859964e-05	-2.1341024978329244e-05	3.409202226984458e-05
0.129247	-0.0003456022975075888	0.00019970074548840986	0.0003991507682457226
0.129307	0.0001839651574192128	4.685985111683479e-05	0.0001898394711090601
0.129367	-2.5129637330037923e-05	-9.783078859220563e-05	0.00010100674170030468
0.129427	8.634841450026969e-05	7.627416891840564e-05	0.00011521196782845028
0.129487	-0.0003335557839002399	3.198909298677169e-05	0.0003350862024068133
0.129547	-6.965366934676907e-05	0.0001282838450259679	0.0001459738968038998
0.129607	0.000619570669763383	-0.00022130171471179913	0.0006579074887591945
0.129667	8.277321777191114e-05	0.00027253577935767884	0.00028482829320559716
0.129727	-3.2891567399596634e-06	0.0003829275602681956	0.0003829416861155398
0.129787	0.00030922474441411475	0.00013934852618082777	0.0003391724551120616
0.129847	0.00019134602864213343	-1.287500542072561e-05	0.00019177869652727296
0.129907	0.00016719737535608677	6.658553542583105e-05	0.00017996831902840224
0.129967	0.0002826078818758038	-0.00026151337735539406	0.0003850408568374959
0.130027	0.0002977697640057112	-0.00020511634323407685	0.0003615792397493758
0.130087	-0.00041788883454823287	-5.434484346008379e-05	0.0004214076886469697
0.130147	0.0004807898227948577	-6.403223454680022e-05	0.0004850350304505512
0.130207	-0.00015472380363824563	0.0003708225822477563	0.00040180697221076236
0.130267	-0.00027476204351840525	-0.00029697700700670785	0.0004045856191822347
0.130327	0.00015268703656242638	0.00018818271249777113	0.00024233461250352688
0.130387	-9.043130558840347e-05	0.00022961141494856103	0.0002467776791063233
0.130447	0.00023865719507375167	-0.0001667561030258431	0.00029114404451548783
0.130507	-0.00029927865840406634	2.8594650828141194e-05	0.0003006415963104925
0.130567	0.0004309686515861663	-0.00013247921012831266	0.00045087106778570304
0.130627	0.00019014462403436346	0.00013200724534367928	0.00023147546494692642
0.130687	7.380791532577311e-05	0.00016454178131012964	0.00018033747852691913
0.130747	-0.00016158837570658466	0.0001741886649406584	0.00023759733617467456
0.130807	-0.0003383059973742972	-0.00015653870655729014	0.00037276710491947565
0.130867	0.00022850656534570236	-0.00045356407749793466	0.0005078736287725936
0.130927	-8.064044256979566e-05	-5.0636481105782526e-05	9.522045051683373e-05
0.130987	-0.00021008954668594573	-0.0001774254517864275	0.0002749861970505503
0.131047	0.00014227257626446668	0.0004099434822214945	0.00043392988439702247
0.131107	7.873908043533041e-05	-9.140647903335661e-05	0.00012064405164398655
0.131167	-6.196443921125175e-05	-6.292968690875859e-05	8.831612095874283e-05
0.131227	0.00035305251981648225	0.00038844037187022655	0.0005249114251447072
0.131287	0.0002613833884734327	0.00036238252709192297	0.0004468135760150778
0.131347	-0.00023530270372020375	-0.00031865176674402676	0.0003961140124094673
0.131407	0.0003006444249957134	0.0005499999859044258	0.0006268070315303361
0.131467	-4.267318333149177e-05	-0.00019268557955861906	0.0001973543339921473
0.131527	-6.847542666793828e-05	0.0001345004508826365	0.0001509279806563008
0.131587	-5.5874300823824944e-05	0.00018442887786826548	0.00019270689786382548
0.131647	6.457226053139156e-05	-0.00021846634597708558	0.00022780939654613364
0.131707	1.5796364017827162e-05	-1.0808577052297875e-05	1.9140283542287583e-05
0.131767	-2.2704512808438933e-05	-0.00019241600434410965	0.00019375090613883846
0.131827	-0.00036824852366150435	-0.00035726258997003816	0.0005130726394683088
0.131887	-5.152417637610743e-05	-1.9887662188141297e-05	5.5229157684558725e-05
0.131947	-5.955642748530806e-05	0.0005764700538567817	0.0005795383430356041
0.132007	0.00025925318524240354	-0.0001622485494485827	0.00030583787511768583
0.132067	0.00041614541303428845	-4.8647315829403534e-05	0.0004189791953389622
0.132127	0.0002523226562284093	0.0002549373510183488	0.00035869175595546214
0.132187	0.00046284967817862127	-0.00011781888937551361	0.00047760979395708875
0.132247	-0.00023863065733823098	0.00016355953492945002	0.00028930314911527355
0.132307	-0.0002254114224429248	4.666840346477282e-05	0.00023019176625086642
0.132367	0.00025149713206085845	0.0002448585948372771	0.00035100789008300467
0.132427	-0.00012199110297763708	0.00012519007913184668	0.00017479812675980967
0.132487	0.0003137271242243803	0.00017843893378813037	0.00036092265316206535
0.132547	0.00023204213424938186	-9.225624615601273e-05	0.0002497093651063311
0.132607	-0.0002412297196057321	-0.0001626122127786434	0.0002909201082184367
0.132667	8.238984204392839e-05	0.0003327811742625228	0.00034282852275673774
0.132727	-0.00019128271242307822	-0.0002536610877553271	0.00031769958059957494
0.132787	-0.0004777375787899376	-0.000183310371910904	0.0005116990195790743
0.132847	0.0003500794784392926	-0.0001060940843719829	0.00036580267353186004
0.132907	-0.0002918119940907445	0.00026218036719641866	0.00039229170885766323
0.132967	2.7441066400569678e-05	0.00011805225929867476	0.00012119962067070184
0.133027	-0.0001522256447419017	-0.00019299923476200905	0.0002458075497941606
0.133087	-0.00015513242051726323	-0.0003518146623854397	0.0003844991866895506
0.133147	0.0001292203780617549	-0.00028543887791574656	0.000313326122645756
0.133207	-9.266416536292166e-05	-0.0002091426932924329	0.00022875164196136286
0.133267	-0.00021760406862802304	9.294063717050134e-05	0.00023662098960389828
0.133327	0.000533753943146576	-0.0004848339589616859	0.0007210806054713855
0.133387	-0.00012189788749170698	0.00014046355698293575	0.00018598146632188727
0.133447	1.4801212119494071e-05	-0.00022746877055740568	0.00022794981346582394
0.133507	-0.00022441663488603831	8.563621134055269e-05	0.0002402007217023655
0.133567	-0.0001848550851714562	-7.824593664733267e-06	0.00018502061177005255
0.133627	4.832791641471923e-05	-0.00037365298458927175	0.0003767653651776642
0.133687	-2.5384781831837436e-05	-0.0002722924402025467	0.00027347314336166075
0.133747	9.091351823508515e-05	-0.0002272044086065902	0.0002447184322607342
0.133807	0.0001482256112752839	0.0004120799296136496	0.00043792773402505803
0.133867	6.881130917171601e-05	0.00024095895370134367	0.0002505917269958683
0.133927	-4.341472966077074e-06	0.0001009612930317854	0.0001010545945425799
0.133987	0.0005638517743938435	-0.00030747280996537	0.0006422369908025279
0.134047	-0.0004274450956621088	0.00011544726598724613	0.00044276108798032296
0.134107	0.00017363413603863217	-7.030935480434536e-06	0.000173776428929853
0.134167	-9.195098241612394e-05	-0.00014738618779915698	0.00017371721711234814
0.134227	-0.00012877115130721547	-7.08537586966563e-06	0.00012896593333202463
0.134287	0.00017608372530388098	8.44514432965309e-05	0.00019528831145708588
0.134347	-0.00011771592512928861	-4.430129531273124e-05	0.00012577616545049426
0.134407	-2.3066902205434546e-06	0.00016333976769262524	0.00016335605446280322
0.134467	7.089270857197514e-05	0.00025722345369000717	0.00026681394501953276
0.134527	-0.00018435782958672902	0.00020428477688459653	0.00027517281732889024
0.134587	-1.4977612786497695e-05	-0.00017473804002581203	0.00017537876586646558
0.134647	6.841187686995254e-05	-0.0002807590170984983	0.00028897371952996766
0.134707	2.4670575602186248e-05	0.00011965029993875036	0.0001221672279131196
0.134767	-0.00012062003107330165	7.921668206364402e-05	0.00014430687652810145
0.134827	-4.227968665043095e-05	-0.0002106012162673647	0.00021480326858907886
0.134887	-3.0715335578191103e-06	-0.00030817593466743573	0.0003081912409958213
0.134947	0.0001231212145315759	7.36591170060968e-05	0.00014347299044018076
0.135007	-0.00013026292165398812	-3.4011901629673995e-05	0.0001346300048662989
0.135067	-0.0001465023556071129	-2.5213263570726243e-05	0.00014865614302247946
0.135127	-0.00012249868934487127	4.847161198341448e-07	0.000122499648329814
0.135187	0.0001271900798430263	3.58422610551647e-05	0.00013214380079300722
0.135247	0.000412390262060219	-0.0002704501161609065	0.0004931622385924777
0.135307	8.351220546177114e-05	0.0005194039345421481	0.0005260748384773341
0.135367	-1.3598130966570489e-05	-6.431171747249468e-05	6.573360000826047e-05
0.135427	0.00012563174220602637	-9.063145982965892e-05	0.00015491092976474107
0.135487	-0.0004176792630987433	6.857043651480602e-06	0.00041773554537571683
0.135547	0.00013925164072299139	-0.0003718925337361874	0.00039710839337990116
0.135607	-0.00026688522638660035	-8.468441641109307e-05	0.000279998525793109
0.135667	-2.550152896611528e-05	0.00015762780586276243	0.00015967734078672007
0.135727	-8.086648636187788e-05	0.0002094352512355692	0.00022450504020315838
0.135787	0.00018456917229172309	0.0001261940146884703	0.0002235860208144633
0.135847	0.00024018031150094079	-0.0002567551649085502	0.00035158184927539383
0.135907	0.0003989067799217768	3.091124950758265e-05	0.0004001026423477867
0.135967	0.00014194501079921995	0.00017292204507701465	0.00022371951136279498
0.136027	-9.97296294232281e-05	0.000162763141058693	0.00019088697983934473
0.136087	0.00022380898555960337	0.00045659905105075685	0.0005085008903017481
0.136147	-0.00019152152968497725	0.0001839524897470123	0.00026555416550488956
0.136207	-0.00019700956226808406	-0.00022504633873779043	0.00029909634267965635
0.136267	0.0002461835461826319	3.8979419877517826e-05	0.00024925034319945054
0.136327	-0.0001386837553004346	0.00011633873991056406	0.0001810190221722808
0.136387	-0.0003770775846417924	0.00015927428455511379	0.0004093358065938423
0.136447	5.7603796282297556e-05	0.00014628272439684228	0.00015721587961492616
0.136507	0.0003605137575715724	-6.824765473935308e-05	0.00036691676409752175
0.136567	7.220128101620699e-05	2.5221987684394525e-06	7.224532141951345e-05
0.136627	0.0002835668067358287	0.00019228704015780479	0.0003426141265257521
0.136687	7.102937142418961e-05	0.0003006595699288964	0.0003089358324874996
0.136747	-1.5943467742529983e-05	-2.8957776367438532e-05	3.305672360963312e-05
0.136807	-0.00012057933547152095	2.724674806399678e-05	0.00012361942170555768
0.136867	-0.0004327383963358114	-0.0004380136876517469	0.0006157260025641047
0.136927	0.00011204045326437741	0.0001754461144386775	0.00020816916735990625
0.136987	0.00018934101940111346	0.00010591515420217192	0.00021695170319110813
0.137047	0.00024377769708235953	-8.345991468012219e-05	0.0002576686301302351
0.137107	-6.486501334148666e-05	0.00015252471431022132	0.00016574455777251291
0.137167	-7.217176702564696e-05	-0.00037869517024224437	0.0003855110840435158
0.137227	-5.749506237466979e-05	-5.159303284248923e-05	7.724974585947414e-05
0.137287	0.00015830563085336843	4.3657556478849416e-05	0.00016421527029355972
0.137347	3.323663593116776e-05	-0.00010557270095669527	0.00011068093401897546
0.137407	0.00014815750075115324	-0.0002840164729778945	0.00032033732525516137
0.137467	0.0004457074529092338	-0.00020922032324128967	0.0004923700612710186
0.137527	0.0004376107337907563	0.00017851622155154055	0.0004726216199941798
0.137587	6.867448212728803e-05	0.0001277318872912755	0.00014502282415689713
0.137647	-0.00029937820736111135	0.0003845374225744195	0.00048733596255861336
0.137707	1.6568786032066538e-06	-1.5745191213998878e-05	1.58321285072839e-05
0.137767	-0.0002988871887022405	0.0001774675588240296	0.000347603633475384
0.137827	0.0002741430444718867	0.00026522391950632024	0.0003814421795116658
0.137887	2.8769230461273053e-05	0.0001172075687371153	0.00012068671339712358
0.137947	8.788575079862943e-05	-0.00018038449483746385	0.00020065510502154143
0.138007	6.848515161228125e-05	-0.00012080525314433276	0.00013886729340857577
0.138067	-0.00031573465836222327	2.5426914264002284e-05	0.00031675685069166025
0.138127	-4.433457926627282e-05	-0.00025994529593010077	0.000263698903666483
0.138187	-6.425994956161962e-05	0.00021206792700433424	0.0002215900421534721
0.138247	-4.680053442939695e-05	-1.8472441599881725e-05	5.0314223849108615e-05
0.138307	-9.257850902333196e-05	0.00015983912611188181	0.00018471417533365763
0.138367	0.0002488219492115132	-1.2378868201495284e-05	0.00024912968267022466
0.138427	-9.702940152506825e-05	7.369605352464189e-05	0.00012184339565778607
0.138487	-0.00014777152709803603	0.00013711695422985475	0.00020158740872921026
0.138547	-0.000552487513278575	-4.744108488401335e-05	0.0005545206117573229
0.138607	-0.0003751505299222023	-0.00020715868082735859	0.0004285471259302069
0.138667	8.104618520559779e-05	0.00021717396588837848	0.00023180382998575896
0.138727	-4.8775367190451405e-05	-9.263053198686707e-05	0.00010468740086912736
0.138787	-0.00034355447520028	-0.0002295547368551133	0.000413188884945808
0.138847	0.0002925319521374075	-8.222286639005799e-05	0.0003038676402296233
0.138907	-7.087503353999905e-05	0.000158408747891189	0.00017354135469031657
0.138967	0.0002459256466902687	-0.0001876593878263797	0.0003093468434288581
0.139027	-0.00028836229090663473	-0.0001269652745216214	0.00031507616817409934
0.139087	0.0001796426916222549	-6.766453292902572e-05	0.00019196350087918217
0.139147	2.8426277564474614e-05	0.0003147235769364604	0.0003160047201164132
0.139207	-5.799774245385612e-05	-0.00019879463290841382	0.00020708221604699627
0.139267	-4.012189882909694e-05	-9.984190581318944e-05	0.00010760191876570826
0.139327	-0.00041812773868664155	0.0003291925091437961	0.0005321639915811597
0.139387	-0.00014386038940455715	2.5608098370436108e-05	0.00014612182021101692
0.139447	0.0002043076425593849	-0.0002324137558166281	0.0003094475184921744
0.139507	0.0003606959735431747	-0.00016698747690288335	0.00039747503415013324
0.139567	-0.00019375412839198463	-0.0001635734296161643	0.00025356839145550443
0.139627	0.00031587018715881866	0.00038971442685237207	0.0005016485917777703
0.139687	-0.00016175688580368562	-4.537496915281493e-05	0.00016800052955430082
0.139747	-0.00042406906300067207	-3.265448474315885e-05	0.0004253244474140996
0.139807	-0.00031145561363648974	0.0002144156208894312	0.00037812518792997994
0.139867	0.0001708119804860109	8.589411520738179e-05	0.00019119239447428955
0.139927	-0.00035225210725026265	-0.0002391816056677522	0.00042578091496925347
0.139987	-0.0001428769747971235	-0.00019607658818219696	0.00024261050752254885
0.140047	5.8716015539866e-05	4.292543221073099e-05	7.273350817440231e-05
0.140107	-0.0005032650204384694	0.0001430263789870338	0.0005231942525325328
0.140167	7.533313173156648e-05	0.00020007568098141484	0.00021378811673398133
0.140227	0.0001559662713967717	-4.3900232458884264e-06	0.00015602804272793686
0.140287	-3.4484400361393917e-05	2.8065380249900384e-06	3.459841794028478e-05
0.140347	6.013446015652476e-05	0.00036208450499236264	0.00036704406009889463
0.140407	0.00010920044572366268	-0.0005437947860997014	0.0005546507971106384
0.140467	-0.00046816686738239443	-0.0003004044322061	0.0005562580683493173
0.140527	-0.0001662958047190504	0.00038976475191641435	0.0004237580164476191
0.140587	0.00010233268047690171	-0.000367477280250291	0.0003814597344330573
0.140647	0.0003155858342981113	7.147318402382245e-05	0.0003235781742394535
0.140707	0.00020961020023016464	-0.00042604357668544975	0.00047481529595776547
0.140767	0.00019485358135059916	-0.00014875244672002852	0.0002451432409232396
0.140827	0.0002510800300203461	-0.00035524309693396356	0.00043501590705886993
0.140887	0.00037412228381874916	4.0103681373275746e-05	0.0003762655824141319
0.140947	4.4810614483464776e-05	-0.00017893896252610904	0.00018446447755680756
0.141007	0.00019603777673740742	-9.018220672687279e-05	0.00021578609852878386
0.141067	0.00018319937726419449	0.00019280157443334745	0.00026595950619213873
0.141127	-0.00037943719251684035	1.743446442486083e-05	0.0003798375226525725
0.141187	5.701914442978893e-05	-0.00025250382686570704	0.0002588616723528844
0.141247	-1.775692671481709e-05	-0.0001547503716050429	0.00015576580484257207
0.141307	0.00038219997182727887	0.00021691151523978408	0.0004394626535991333
0.141367	-0.00017913183910875743	-6.7744703112142355e-06	0.00017925989297799797
0.141427	-0.0001562340572055917	0.0003409030690208178	0.00037499864412919223
0.141487	0.0004200686925852533	0.00019721479063697676	0.0004640596730338358
0.141547	0.0001438817131419626	0.0002671112602010116	0.00030339804334049116
0.141607	1.605046421800729e-05	0.00016319415986685494	0.00016398155754920166
0.141667	0.00012152778712436013	-0.0002665391469882315	0.00029293705795026666
0.141727	2.3326969285505446e-05	0.00016140664166991767	0.00016308357204577082
0.141787	0.0005660834278084414	3.285756354879506e-05	0.0005670362128839022
0.141847	-6.197652309518952e-05	-0.00010243424708987494	0.00011972411783695929
0.141907	5.637451329094378e-05	0.0003255299916673312	0.0003303753338609339
0.141967	1.0479517038607979e-06	0.00019647468700023782	0.00019647748174947437
0.142027	2.8515279166263844e-05	-0.00019229246180450498	0.0001943952468883099
0.142087	-0.0004930018485747316	9.973685443927157e-06	0.0004931027246927733
0.142147	-0.00024690690751404587	7.437509406343413e-05	0.00025786561537958927
0.142207	-0.00025347465826508725	7.23526591152633e-05	0.0002635987664304449
0.142267	-8.99850596091452e-06	-7.981460208352592e-05	8.032025781383047e-05
0.142327	-5.159422708769818e-05	0.0003139164383578584	0.0003181281102638685
0.142387	-1.4371847734619451e-05	0.0002901366727666176	0.000290492407631233
0.142447	-0.0003317802640692913	4.499832864290783e-05	0.0003348178507883709
0.142507	-9.82396086019533e-05	0.00011579710590535624	0.00015185516268576867
0.142567	3.434785965312698e-05	-0.00023889019877364697	0.00024134685109373908
0.142627	9.25127484064419e-05	0.00017968853894346782	0.00020210536768070208
0.142687	0.000402781818354345	-5.695657331271199e-05	0.0004067889433605084
0.142747	0.00020604464116527694	-0.0001533121497177115	0.0002568248613432775
0.142807	0.0002223302914269407	4.088084148280214e-05	0.00022605751853528426
0.142867	7.716376692478094e-05	-0.0004457898485310753	0.00045241887226262016
0.142927	0.00052854431987577	-5.820825207729003e-05	0.0005317398787779919
0.142987	-9.06064226011469e-05	-0.0002998627934867174	0.00031325264361890923
0.143047	0.00014455539261705414	-1.8418339600140827e-05	0.00014572404320597473
0.143107	0.00022574997166281515	-7.176804390074184e-05	0.00023688330846874934
0.143167	6.135420803748072e-05	3.202215515048581e-05	6.920807224875035e-05
0.143227	-1.0538642589302284e-06	0.00034852485031104	0.0003485264436369342
0.143287	0.00017259675013768722	0.00020096471370765757	0.00026490838853024645
0.143347	-8.674513958835796e-06	0.00014862278088966673	0.00014887571390861547
0.143407	2.3909443160646564e-05	0.000158658218215759	0.00016044965465731483
0.143467	1.2209398637369823e-05	5.4178452225926515e-05	5.553714163227353e-05
0.143527	0.0003137407849431851	-0.00033092058426315355	0.0004560062644589796
0.143587	-5.7383165305853664e-05	1.1734818789479116e-05	5.857075748648672e-05
0.143647	0.00014406784917211002	-5.200967789603266e-05	0.00015316837715379408
0.143707	5.022097859790829e-05	0.0001897134759137499	0.0001962481837740378
0.143767	0.00032617083515838557	0.0004226787521490131	0.0005338958149547209
0.143827	-0.0001235597788918184	-7.42259117837975e-05	0.00014414057353823433
0.143887	-0.00021024557686667118	8.24310423824423e-05	0.00022582754336053726
0.143947	0.00012486383426912008	0.00014144842339991018	0.00018867600162900035
0.144007	6.261537995414488e-05	-0.0004210139970926346	0.0004256447715580668
0.144067	3.0743913341841773e-05	0.0002023065583327673	0.0002046292543895424
0.144127	-0.00019822408185822218	-0.00018169877426369455	0.0002689000394151406
0.144187	0.00019878159264768186	0.0005163428019434998	0.0005532847464863036
0.144247	-0.00037624835125853857	0.00029405617013716575	0.0004775268086929847
0.144307	-8.782590839007298e-05	9.052787188185377e-05	0.00012612963875314486
0.144367	-0.0001793704005647969	-0.00017963502536093575	0.00025385524011766966
0.144427	-0.0001267850556168163	0.0002651377808221931	0.00029389197530228095
0.144487	0.0002804927988130004	3.658935527677152e-06	0.00028051666259804606
0.144547	-0.00010939718527197092	-0.00017894432935047533	0.00020973511187238374
0.144607	9.849521112446281e-05	-3.929970666110216e-06	9.857358309348905e-05
0.144667	-3.715803509559738e-06	0.0001814491696450012	0.00018148721266409402
0.144727	-0.00022700731247950054	0.00015125235753624353	0.00027278122292312797
0.144787	4.2929889331845534e-05	0.0001526776678099776	0.0001585983784467495
0.144847	9.653313074638287e-05	-1.858504529337056e-05	9.830589626393163e-05
0.144907	0.0003029695763827453	0.00045191435517171516	0.0005440745800198786
0.144967	-0.00015434711791347468	0.00021026952692510602	0.0002608377019556489
0.145027	0.0001663941810665083	7.606237923512755e-05	0.00018295493715038768
0.145087	-0.00022064824562914714	0.0001362599806576456	0.00025933073598793184
0.145147	0.00016913886860578855	0.00020870484768567498	0.00026863668833714243
0.145207	0.00030623329171006295	-3.617512995989477e-05	0.00030836256092333226
0.145267	2.7102332743968215e-05	0.0001225544809779951	0.00012551548608817373
0.145327	0.0001606169847762706	6.795098225501438e-05	0.00017439940306102547
0.145387	0.000166528293739711	-0.00011551344900101304	0.0002026697548130187
0.145447	-0.0003656624235946929	-0.0001585257846046212	0.00039854665023514546
0.145507	9.95203506803845e-05	0.0002567547107995653	0.0002753675393311912
0.145567	0.00018465020236865	-6.47226314084395e-05	0.00019566480585740532
0.145627	0.00011658704521278125	-7.578683273776502e-05	0.00013905460484237502
0.145687	0.0002176611827149462	0.00011947592655079542	0.00024829596751868577
0.145747	9.801983633585309e-07	0.00011367503295949314	0.00011367925891372349
0.145807	0.00042518023544101276	-2.0446758037121816e-06	0.000425185151797211
0.145867	0.0002037655343884293	0.00035783281610664503	0.0004117823664114507
0.145927	0.00038314607768403114	0.0003102734683639008	0.0004930218474015346
0.145987	0.0001294434698626489	-0.00021938563517312368	0.0002547266550842244
0.146047	0.00017864843222260021	4.068637316668132e-05	0.000183222933327276
0.146107	4.0398546938134866e-05	-5.14603911046222e-05	6.54233478763764e-05
0.146167	-0.0001925177191515551	0.00013640192056747698	0.0002359418490260118
0.146227	-5.50352370505764e-05	0.00029171846298010776	0.00029686451280119293
0.146287	0.00044268619635258715	-0.00023376374545081946	0.0005006161774536625
0.146347	0.00015632369883051368	-0.00019281583484719402	0.0002482237800531479
0.146407	-0.00014838611539013248	0.00040358992786758196	0.0004300038012817256
0.146467	1.5204254580297048e-05	8.609523572882663e-05	8.742744976576127e-05
0.146527	5.342478808278337e-05	-0.0001227290933514897	0.00013385304754307608
0.146587	-0.00011103340338505449	0.00012961329486313038	0.00017066933782183903
0.146647	0.0003529454506581357	0.0002395427885952381	0.0004265574272102848
0.146707	-8.020341266479253e-05	0.0002087106429392442	0.0002235905183123642
0.146767	-0.00012063977734360083	0.00011237757563598506	0.0001648716936994799
0.146827	-0.00041752532406425733	3.432542428412126e-05	0.0004189339219820329
0.146887	3.449728809881624e-05	7.167412220311573e-05	7.954396696016547e-05
0.146947	0.0003200169122281614	6.387397664735426e-05	0.0003263291421322857
0.147007	0.00015558738381218283	9.653581068409355e-07	0.00015559037861575482
0.147067	5.065457641895905e-05	0.0002686577664976478	0.00027339144392553473
0.147127	-0.00014231712576384046	-7.062355693023681e-06	0.00014249224945103354
0.147187	1.868532583659329e-05	8.351681931748729e-06	2.046685106968727e-05
0.147247	-1.3213003323147201e-05	0.00037420737747281596	0.00037444057580863225
0.147307	0.00027073736082894567	6.912021412474665e-05	0.00027942140674843357
0.147367	-0.00018648955194396812	-0.00010108373465712154	0.00021212325284252392
0.147427	0.00015481437415605894	-0.00017526368259486102	0.00023384791827605478
0.147487	0.00022122724650197254	-0.00019814081360442078	0.0002969869973764278
0.147547	-1.2360515341709204e-05	-5.7023632523123735e-05	5.834789632578782e-05
0.147607	-5.526424183642178e-06	0.00013555110773534287	0.0001356637172295381
0.147667	-0.00010830974716384462	0.0001212351368115456	0.00016256986107027996
0.147727	-0.00023238036178693892	-3.665554398318488e-05	0.00023525361091581958
0.147787	0.0002275333710598328	8.121746810479456e-05	0.00024159410603573274
0.147847	0.0002819461512756446	3.230350296896122e-05	0.0002837906773014476
0.147907	-0.00011001217488271607	-0.00018000995508830268	0.0002109650742500238
0.147967	-0.00019776902101301802	-0.00020059623493173128	0.0002816938677735706
0.148027	3.1288311444558307e-06	-0.0002448072610291971	0.0002448272546857232
0.148087	-0.00012743617111307686	-0.0001416680129373352	0.00019055131486708346
0.148147	2.431525032688479e-05	-0.00022723822905435458	0.00022853543301251642
0.148207	1.5430511318889044e-05	6.397885493536894e-05	6.581333116020905e-05
0.148267	-5.2559556215210374e-05	-0.0003126657226773877	0.0003170526156443327
0.148327	-0.0003264375076308337	0.00024898958592217186	0.00041055725579500506
0.148387	-0.00029447354041137435	-0.00034131750305288065	0.0004507907540008585
0.148447	-6.697918424225838e-05	1.0925614773361675e-05	6.786442499523806e-05
0.148507	0.00023182659439398724	-0.00031879613431429096	0.00039417577947160795
0.148567	-1.227693440635286e-05	0.00039479732904743205	0.00039498816962208404
0.148627	0.00016491448109648708	-8.046494013422979e-05	0.00018349766392553553
0.148687	-0.000433432921966969	-1.4886774513132414e-05	0.0004336884986948922
0.148747	-1.9253148599827268e-05	0.0004430740565672329	0.00044349216828930646
0.148807	-0.00012481910824274994	0.00011762680211120385	0.00017151056631421762
0.148867	-0.0001203949952824687	-8.677902338814775e-05	0.0001484100865482746
0.148927	-4.2680464956313656e-05	1.4152564454563591e-05	4.496573328132985e-05
0.148987	0.00017210847193942555	-0.00017304373972507563	0.00024406036542495743
0.149047	0.00013823190604195923	-4.2743524290701654e-05	0.00014468955980575395
0.149107	-0.00010540317048445605	0.00026762502297132576	0.00028763341472884884
0.149167	-0.0001704255958718524	-0.00010341241067586878	0.00019934645823307343
0.149227	-5.412136516587879e-05	-0.00016056848649684862	0.00016944427114336754
0.149287	0.0001256843507171055	-0.0001243074739149633	0.00017677359555742382
0.149347	-0.00015820338784884407	0.00030079012332917673	0.000339857338039409
0.149407	0.0001886137590469018	1.0450573385951508e-05	0.00018890305605229866
0.149467	-0.00043027978697049413	-0.0003745488423412905	0.000570462558258274
0.149527	-8.615032037305735e-05	-6.542048361663881e-05	0.0001081744765506879
0.149587	0.00022217353897835177	0.00015246412966516787	0.00026945573338996203
0.149647	-7.140708045578356e-05	0.0001622290429201503	0.00017724907194681364
0.149707	0.0001256157417972425	0.00014552786953487794	0.00019224379157369934
0.149767	3.295580314987204e-05	7.26160081300893e-05	7.974440167185601e-05
0.149827	4.283399082023902e-05	0.0001110641129541114	0.00011903775853010648
0.149887	-0.0002448555469992931	-0.0002972382570169415	0.00038510364881521496
0.149947	-2.7719514903480296e-06	-9.114943543112074e-05	9.119157469019214e-05
0.150007	3.110112462885632e-06	-3.4047056255687155e-05	3.418881160862019e-05
0.150067	-9.713573659203957e-05	3.7949140929732686e-06	9.720983847456564e-05
0.150127	-0.00021976229136193306	0.00032264002117988707	0.000390374240917104
0.150187	3.8055780673794124e-05	1.7740054144392396e-05	4.198752152411352e-05
0.150247	0.00022840228566764647	0.00011717082130923291	0.00025670334135824056
0.150307	7.419345056131052e-05	-0.00023362099951420976	0.00024511923531255565
0.150367	5.9741085302911364e-05	-9.030770929171385e-05	0.00010827963626964413
0.150427	3.4801151755040474e-05	-0.00020620399367604072	0.00020912007835553715
0.150487	-7.917217111978815e-05	1.3378042376909198e-06	7.918347302309617e-05
0.150547	0.0003915693714530903	-2.1320228334683388e-05	0.0003921493654163057
0.150607	-0.00027096555871102045	0.0001253687835518908	0.00029856266661599926
0.150667	-9.904552504968675e-05	-0.00020414432902349846	0.00022690289355762418
0.150727	-0.00036137164866184937	0.00021615764762699096	0.0004210862109879846
0.150787	6.037284713973845e-05	-0.00029386961887866575	0.0003000070558697753
0.150847	0.0002446503287074006	7.613160180851263e-05	0.00025622217728090807
0.150907	-4.5126782468157496e-05	-7.397978450876002e-05	8.665699632396092e-05
0.150967	8.136480770088635e-06	0.00011694123216933587	0.00011722394849434367
0.151027	-0.0003036471560418382	0.00041215346429905294	0.0005119297544644257
0.151087	0.00010793767962909364	-0.00031216258097370024	0.0003302968659310512
0.151147	0.00020966722598111075	6.88750445699552e-05	0.00022069009360441957
0.151207	0.00016734075990434903	0.00015734916179597998	0.0002296991263441428
0.151267	0.0001711250547994502	-2.6436806405110902e-05	0.0001731551013196439
0.151327	0.0003579898755728189	1.453332187921533e-06	0.0003579928256084063
0.151387	4.603527895030928e-05	0.0001312919299714529	0.00013912878129151307
0.151447	6.331398116637748e-05	-9.739025533525577e-05	0.00011616162036319361
0.151507	0.00020270559245902424	0.00012523929158352748	0.00023827387051564812
0.151567	0.00011725230371474657	-0.00011791135192222964	0.00016628646859724654
0.151627	-0.00022289903055720296	-0.00017888773455684333	0.0002858055272352523
0.151687	-2.5748139513459187e-07	3.023439472292372e-05	3.0235491081350048e-05
0.151747	-4.121528219276025e-05	-0.000289761961736509	0.00029267848222173584
0.151807	-2.877250088476479e-05	-5.824777166878157e-05	6.496660458683603e-05
0.151867	-0.0002832271092880629	0.0002559587029755028	0.0003817492017864268
0.151927	-0.00025254840332262514	-2.0295842498025643e-05	0.0002533626200596923
0.151987	0.00027125106589320845	1.3379560836252238e-05	0.00027158084136472637
0.152047	0.00025440026060276084	0.00023699232431247303	0.00034768499302929515
0.152107	-3.957406277439996e-05	0.00019802122603908152	0.000201936902042428
0.152167	0.000119453689619215	-0.00020021840626448695	0.00023314500674630564
0.152227	0.000174956446719702	0.00014014051599925637	0.00022416316038395282
0.152287	0.0002316961930054995	4.748338748807293e-05	0.00023651172897043427
0.152347	-6.466921187118806e-05	0.00016197756271900366	0.00017440997043870334
0.152407	-4.944210420322471e-05	0.00030399823786548933	0.00030799261402404633
0.152467	0.0001554292483437284	0.0001410342853949102	0.00020987834785310606
0.152527	0.0002751837936692005	0.0001615584083985364	0.0003191038069695211
0.152587	0.0001708698429139891	0.00014412559728815708	0.00022353677775954306
0.152647	-0.00024114488445823424	-0.0005016634604823255	0.0005566121476247864
0.152707	0.00014054125824435954	0.0002996843127260642	0.000331002315041755
0.152767	-0.00031557972915832814	-0.00012599122903868225	0.00033980046387596565
0.152827	3.023523707667561e-05	2.7640603800341228e-05	4.096550426310187e-05
0.152887	-1.9937537064031847e-05	-0.00012560733260017463	0.00012717982303459357
0.152947	-8.586722588361246e-05	-0.00010221621761629518	0.00013349657532959092
0.153007	-0.0001272402913155061	-1.664758611846678e-05	0.00012832472036839444
0.153067	6.513704652148733e-05	-0.00025176509524032234	0.00026005479809246165
0.153127	-7.236962190476722e-05	-2.4419576223547553e-05	7.637851712082798e-05
0.153187	0.00035927339372368366	8.981619344135718e-05	0.00037033001504337766
0.153247	0.00037454383448668426	0.00015541537688898907	0.00040550835173339556
0.153307	3.921528722819365e-05	-0.00018591355934204052	0.00019000444810481713
0.153367	-0.00024663816503565423	3.743768374513783e-05	0.0002494633532532495
0.153427	0.0001396132353389036	-5.784822426487317e-05	0.00015112336858472665
0.153487	-0.00023883166353548887	-1.0512043858081714e-05	0.0002390628925057237
0.153547	-1.5963400265649973e-05	-2.787365027849317e-05	3.2121185032453206e-05
0.153607	8.302203314110318e-05	-1.9379250153442183e-05	8.52538170605406e-05
0.153667	-6.990016991242248e-05	0.0003045777113090603	0.00031249578553966265
0.153727	-0.00011358366252153129	0.00014986527750892025	0.00018804480794382703
0.153787	-0.000126545693136767	0.0001938772766187847	0.00023152151269500109
0.153847	-0.00016490716351021497	8.948339696529216e-06	0.00016514976645550926
0.153907	-0.0003978738988883161	-0.0003711737549824271	0.0005441264520351356
0.153967	-0.00028531368171437325	-2.813199469238421e-05	0.0002866972376894884
0.154027	0.0002110683083025989	-5.349463461845616e-05	0.00021774183498511046
0.154087	-3.3008012380822516e-05	-0.00019007618432618893	0.00019292092869705943
0.154147	0.00011540356216204105	-0.00010428340606561081	0.00015554102655033862
0.154207	-0.00022853606709561853	-0.00011390901550582992	0.00025535073482768844
0.154267	0.000193840900333011	-0.00011709401185585	0.0002264625846677774
0.154327	-0.00010207964343558302	6.261438509376968e-05	0.0001197531411888918
0.154387	0.00014256957903304086	-0.0002140889347420937	0.00025721616754135606
0.154447	-0.00017323157966253047	-0.00019793551874010675	0.0002630354534493227
0.154507	1.853625922614531e-05	0.00014112910182758438	0.00014234119673783673
0.154567	0.0002458606689852537	3.5411633450373105e-06	0.00024588616958200947
0.154627	-8.86502978690046e-05	0.00026406450378940554	0.00027854790875863386
0.154687	6.283873237310064e-05	0.0002474728539168685	0.000255326300470629
0.154747	-0.00010245700692794079	2.907659173587577e-05	0.000106502988012576
0.154807	-0.0002811112536662287	-6.054497773203682e-05	0.0002875573530034863
0.154867	-0.00024294913395690975	-0.0004031460797241732	0.00047069208968006024
0.154927	-0.0004956266468634211	0.000455329425039697	0.0006730309490566236
0.154987	-0.00012502246595167378	0.00047146990521714736	0.0004877647881080627
0.155047	-0.00014288848383699532	-4.4872880999482934e-05	0.0001497688027007929
0.155107	-0.0003221041030445884	0.00019690762983332676	0.00037752306934111623
0.155167	0.0002522154956042553	-0.0002686702745335601	0.0003685055937714361
0.155227	-0.00014700728172361825	-0.0002221268628794106	0.00026636719785366915
0.155287	0.0002575501017453765	-0.0003991319642371208	0.00047501408377524564
0.155347	-0.0003051277806035527	-4.48821436625738e-05	0.00030841103954916676
0.155407	-0.00022996285582879868	-0.00010181441317696742	0.0002514937172008619
0.155467	8.658424092815164e-05	0.00016060352143899714	0.00018245635608471036
0.155527	3.3314805545275876e-05	0.0001562960865057624	0.0001598072054869126
0.155587	9.060290475261839e-05	-0.00018229082063259486	0.00020356529575671023
0.155647	0.00012608876449628632	-0.00011650294455604855	0.00017167210787553602
0.155707	-0.0001196490262678945	0.0001490112473241723	0.0001911026983481943
0.155767	0.00022740853282213764	-0.00015087811233878027	0.00027290812663464394
0.155827	-1.0401544111977666e-06	-6.0270601970514394e-05	6.0279576832351e-05
0.155887	-3.337568193443035e-05	-4.19795247358584e-05	5.363037051556522e-05
0.155947	0.0002286247153832506	-0.00035939074235582136	0.00042594714011851367
0.156007	4.09199457346029e-05	-0.00014183272942445928	0.0001476176313822801
0.156067	-0.00015267961537555446	-1.8466218198145146e-05	0.00015379228252993956
0.156127	-8.509402634114549e-05	-0.00018826523705196634	0.00020660298352439307
0.156187	-0.000493610912163363	-0.00043738344849097326	0.0006595119510824676
0.156247	0.0003232711678641244	9.291233605815706e-05	0.00033635836568163247
0.156307	-0.00021170387369424292	3.855555402801803e-05	0.00021518610755240537
0.156367	-0.0005943548353567127	9.35396114626372e-05	0.0006016704490204635
0.156427	1.1916555354257304e-05	-0.00011561183540514311	0.00011622435535315728
0.156487	-0.00034191064355625734	-0.00011199108989172054	0.000359784508271534
0.156547	-0.00032004271621932705	-0.0004547401967000122	0.00055607192583317
0.156607	5.413640885946248e-05	1.7077905040303225e-05	5.676623648582405e-05
0.156667	6.15006703051308e-05	-0.00015065880702681231	0.00016272802027531298
0.156727	7.419594052806563e-05	-3.798523671082276e-05	8.335415885738089e-05
0.156787	-7.208754523392919e-06	-0.0001507698215271956	0.00015094205916549883
0.156847	0.0004567759493391765	-0.0002633324421785181	0.0005272459037284296
0.156907	0.00015890184700244336	-0.00021307326547439218	0.0002658007024834749
0.156967	4.527962446776317e-05	0.00024341931188379893	0.0002475948420099333
0.157027	-0.00011290761838424969	0.00020451015962092635	0.00023360765329367986
0.157087	0.0001300489111876935	-4.161105593186964e-05	0.00013654376322948543
0.157147	0.00012892745321229347	-2.7862110272381455e-05	0.00013190369737288817
0.157207	-0.0003460652663720791	-0.0004092223612551104	0.0005359329338083135
0.157267	5.744550375259748e-05	2.1921887815370695e-06	5.748731680156579e-05
0.157327	3.4043805798490175e-05	0.00012081672904834049	0.00012552156281366733
0.157387	-0.00047141455529516973	0.00033785355582001365	0.0005799799204492943
0.157447	-0.00027231219140081683	2.1237701275585738e-05	0.0002731391029145884
0.157507	-0.0003137707554225088	-0.00018037044387841488	0.0003619193059002355
0.157567	0.00023991197253403075	-8.106423357824893e-05	0.00025323736795899304
0.157627	0.000331345420251361	0.00018147293815383707	0.00037778593780570685
0.157687	0.00020961345922225136	-0.00033702195531867037	0.00039688990999260524
0.157747	-7.374114615041092e-06	-5.303590526358458e-07	7.393162184104676e-06
0.157807	8.827210267555298e-05	-4.59764174368784e-05	9.952786077824371e-05
0.157867	0.0006070878666735102	-2.0185451189797286e-05	0.0006074233534380526
0.157927	0.00012198311074240872	4.515050608749075e-05	0.000130070932595839
0.157987	-0.00022021275470193589	-5.96241501766125e-05	0.0002281418344313428
0.158047	-0.00011775331761542917	0.00019113704444995193	0.00022449769168190358
0.158107	-0.00014889953761174315	-0.00013137975229284221	0.00019857419674650453
0.158167	-6.570870520760831e-05	-1.5383852310597328e-05	6.748553068602663e-05
0.158227	-0.0002559125786372521	0.00025197197153532374	0.00035913941908980937
0.158287	0.00019075618584306217	0.00043260490634794305	0.0004727948047871354
0.158347	0.00037984072656333846	-8.056232667625201e-05	0.00038829018277012365
0.158407	0.0005542078804517587	0.00018405360804348912	0.0005839709799199419
0.158467	-4.424902373950005e-05	0.0001512775471798748	0.00015761621865359568
0.158527	0.00017935987031089657	7.756439345063637e-05	0.00019541289161492586
0.158587	0.00022831390137089086	0.00010575326147207811	0.00025161675196850187
0.158647	0.00012814026027398282	6.88108743060714e-05	0.00014544711315749796
0.158707	-3.980348267939983e-05	-9.03610451245401e-05	9.873923085283e-05
0.158767	-0.00040833902192886256	5.710495709630148e-06	0.0004083789497403971
0.158827	-5.6016589613713526e-06	0.00018356565173820915	0.0001836511014973583
0.158887	-0.0003398493056427529	0.00024817340803144194	0.0004208177645962702
0.158947	-7.332758152616903e-05	7.604442987899776e-05	0.00010563943169147954
0.159007	2.6739228618177303e-05	0.0003555006441896944	0.0003565048307756612
0.159067	-8.723258371851796e-05	1.7560380865741683e-05	8.898252996155005e-05
0.159127	0.00025416431421047266	-7.510773692743678e-05	0.0002650295658307596
0.159187	-4.5738422649509976e-05	0.0001446386006966491	0.00015169814803731095
0.159247	3.1934843973329194e-05	0.00023039346184964562	0.00023259617693045814
0.159307	-0.00022127898133381195	-2.1056615189508503e-05	0.00022227858336638852
0.159367	0.00016883652547632148	3.135332463256421e-05	0.0001717230424271347
0.159427	0.00022942550516744168	-0.0002487796999278392	0.0003384189733415098
0.159487	0.0002696386939420347	3.657836838605128e-05	0.0002721084385030202
0.159547	-7.138108089242694e-05	0.0001448073810719467	0.0001614448398750706
0.159607	-7.80075862450107e-05	-1.0914453752869951e-05	7.876743497471731e-05
0.159667	0.00015655344070436878	2.5926579050816216e-05	0.00015868575014050423
0.159727	0.0002451106965562791	-5.9755376330491224e-05	0.00025228943411626057
0.159787	-4.891745883911204e-05	-6.277168822030479e-05	7.958142133251563e-05
0.159847	-0.0001025302606913706	0.0005149111752822841	0.0005250199737038806
0.159907	-0.00012130476577673505	-0.0003975203883499161	0.00041561677703627007
0.159967	8.349078593439832e-05	0.0004213478729487485	0.00042954015106201447
0.160027	-0.00012107783373531655	-0.0002068127656175616	0.00023964841298122847
0.160087	9.922300005562432e-05	-0.0002231015871858306	0.00024417109154212995
0.160147	-4.034050254448131e-05	0.0003670147212372473	0.00036922508277525734
0.160207	-0.00023482704645749633	-0.00029416464768205434	0.0003763994974675953
0.160267	0.00012150158168942208	-0.00042884479881338865	0.00044572468612623096
0.160327	-8.053277570824285e-05	-0.0004236282430357825	0.0004312150464221513
0.160387	0.00016737448778010594	-0.00025638705941516773	0.00030618383921299566
0.160447	-0.00038285456296579835	0.00012701592903250687	0.0004033740975964164
0.160507	0.0002397117933341029	3.0890732161422924e-05	0.00024169398254180933
0.160567	0.0004039121205241036	-7.693099195818222e-06	0.00040398537706396587
0.160627	-0.00021676734816392822	-4.683473024749533e-05	0.00022176919350391599
0.160687	-0.00018550076368780343	-0.00028739424875732963	0.00034206137979542233
0.160747	2.1786067402411544e-05	-0.00010785289012767247	0.00011003126211106646
0.160807	-0.00034266110290836127	0.00015320725638588652	0.0003753519613052066
0.160867	-0.00010802482301647297	0.00016362086576835415	0.00019606414792747314
0.160927	-0.000370684276367406	-0.0001664578060911249	0.0004063434925708765
0.160987	0.00021810884197953626	3.152877649851303e-05	0.00022037588501727567
0.161047	-0.00016154874466864326	-0.00021789088548969545	0.00027124607809791106
0.161107	-0.00035214429583299935	-3.1835755595103476e-05	0.00035358042991945994
0.161167	-0.000591127116712988	-3.186290671352166e-05	0.0005919852303374174
0.161227	0.00013236154163986843	9.222025919381369e-05	0.00016132003567770746
0.161287	-2.3176076983592457e-05	0.00014257560547559786	0.0001444469931188695
0.161347	6.527137252469237e-05	-7.856379095853012e-05	0.00010214020423434048
0.161407	-4.411344361590446e-05	-0.00016698307359359037	0.00017271173316950992
0.161467	-1.2536712092465455e-06	7.158755221623226e-05	7.159852878245944e-05
0.161527	7.45573976991541e-05	-3.0324993724741257e-05	8.04885755624699e-05
0.161587	-0.0002467158744883704	-4.811328189254104e-05	0.00025136350295743503
0.161647	4.08937413638779e-05	-8.690446216140461e-05	9.60452165716687e-05
0.161707	0.0003250941912077156	0.00013647394270597808	0.00035257817600457543
0.161767	-4.40835938609559e-05	0.0003725191332040518	0.0003751184717536525
0.161827	-0.0003261114515427637	1.596528622413722e-06	0.00032611535954470236
0.161887	0.00012695300185963242	-0.00016582497140766217	0.00020884201163445015
0.161947	0.0005732944020318598	0.00013297919015843251	0.0005885150264999698
0.162007	2.636893128200088e-05	-7.826056520404874e-05	8.258351290065136e-05
0.162067	-9.838011847369536e-05	0.00017038245402459928	0.00019674559296295057
0.162127	-0.00010665801701674883	-5.1175206649955425e-05	0.00011829976487555131
0.162187	0.00011584858859982897	-0.00012087511505047996	0.00016742666728761937
0.162247	1.1057430863084034e-05	5.943880661914571e-05	6.0458568537471045e-05
0.162307	-3.7374221221995622e-06	-4.9813649573469875e-05	4.995365860423e-05
0.162367	6.124475429834966e-05	6.633623677276533e-05	9.028519390374927e-05
0.162427	0.0003063506727540544	0.0005256660372283309	0.000608420510331628
0.162487	0.00026347059673456565	0.000207028011989408	0.000335078129832364
0.162547	0.00025024738126810204	0.00012680913720504726	0.0002805428828365306
0.162607	-0.00018881754666221832	-0.00011242350202750566	0.00021975238277585879
0.162667	0.00031529768002848846	0.00011550378109322075	0.0003357882524421868
0.162727	-6.675000540355205e-05	-4.636650626916263e-06	6.691084927282205e-05
0.162787	-3.338662605265654e-05	-0.0001858079315986986	0.00018878361752060633
0.162847	-0.0001411389507429375	6.425123217714904e-05	0.00015507554369757743
0.162907	6.223816243916182e-05	-0.00011131463578488482	0.00012753249391321827
0.162967	-1.5829098799012503e-05	-0.00016252227481249724	0.0001632913046644486
0.163027	0.0001287532703522959	2.4072710765484076e-05	0.00013098435032480045
0.163087	0.00012245335672634867	0.00011995792548944877	0.00017141974349905715
0.163147	-3.7297636793381486e-06	-8.123761538401165e-05	8.132319036034135e-05
0.163207	-0.0001055796438465847	4.631251259308561e-05	0.00011529054608881157
0.163267	3.130377880722657e-05	-9.02936457833461e-05	9.55660454160375e-05
0.163327	-4.7279864833510923e-07	0.0001951256568820742	0.00019512622968791975
0.163387	-8.291637441328517e-05	-7.482470837210297e-05	0.0001116864455912818
0.163447	-0.00012706546667413048	0.00013875865665469476	0.0001881478079004112
0.163507	-0.00014268767494878982	0.00017961320546859815	0.0002293919705678391
0.163567	0.0002636521302569902	-0.00010913638434996434	0.00028534750073906743
0.163627	9.597255222615919e-05	1.0467937879688415e-05	9.654174487886507e-05
0.163687	8.391295101060477e-05	0.0001303963850185546	0.00015506321476486707
0.163747	-0.00012687442296242422	9.859039943027228e-05	0.00016067727300980917
0.163807	-0.0003646527590285889	-9.498069565783936e-05	0.0003768195419757436
0.163867	-0.0002670352322281894	7.193673385620883e-05	0.00027655507395284233
0.163927	6.113093603487016e-05	8.782282964218361e-05	0.0001070039286515191
0.163987	0.0002708160390289503	0.00010617774344010736	0.0002908866449278193
0.164047	5.0023187860245106e-05	0.0003273750649505834	0.000331174806522326
0.164107	-0.00033803392403929664	0.0002689099924770627	0.00043194851296817643
0.164167	-0.00011889964464476862	-0.00025166408780656537	0.0002783378137949691
0.164227	0.0001507926280161371	-0.0001466447774146183	0.00021034045594463287
0.164287	-0.0007046508652049679	-4.551821701027971e-06	0.0007046655667158058
0.164347	-4.2516671357641095e-05	0.00019402340905922669	0.0001986271648246978
0.164407	0.00010219237608697311	-4.1994124977792714e-05	0.000110484334921073
0.164467	0.00010982968756139262	-1.3759566381975393e-05	0.00011068823757226017
0.164527	-0.00037983000896555383	0.00021070779496888285	0.0004343600011182216
0.164587	0.0004404240459220325	-0.0001843092026776477	0.000477433997970403
0.164647	0.0001540038865044595	-0.0002094087989817442	0.0002599408435576352
0.164707	-0.00046484418845236944	-4.039434523180906e-05	0.00046659599512281346
0.164767	-0.00017103099267759526	-0.00025547392453137717	0.00030743865497322783
0.164827	-0.00021797315360503092	3.8802214861410075e-05	0.00022139988159588847
0.164887	-7.993665690662926e-05	0.00036828507309050564	0.0003768604041003608
0.164947	0.0001231782513137481	0.0003921189805483874	0.0004110111634773677
0.165007	-5.398000474675369e-05	-0.00011013102203574022	0.00012264861567541744
0.165067	-0.00040576278538426825	0.00013317597601475981	0.0004270588701693054
0.165127	4.5673516906501524e-05	-9.958631254409353e-05	0.00010956050288647986
0.165187	0.00011329382743814053	-0.00014723813703605522	0.0001857809471755146
0.165247	-0.00025531876558206436	1.11998697959435e-06	0.00025532122205015314
0.165307	-0.00040470131329587735	-0.00010472610599315306	0.00041803194885067937
0.165367	1.1342658445880289e-05	0.00010063466780506438	0.00010127187301939053
0.165427	-0.0004348233853106566	0.00015108431831002106	0.00046032363360164717
0.165487	-0.00015616779337424477	0.0002728983655482251	0.00031442311875285746
0.165547	6.954102209861542e-05	0.0005120801859887607	0.0005167804859287973
0.165607	-0.0002484873400122791	3.585341215297025e-06	0.0002485132045143841
0.165667	0.0001242020567339219	-0.0003539366067384108	0.0003750963509372449
0.165727	7.269444739431835e-05	6.19609362947015e-05	9.551774865689296e-05
0.165787	-4.7292938571343855e-05	0.00016104193228235096	0.0001678425631118228
0.165847	0.00010920129410764881	-0.00011880835431811877	0.00016137021934224688
0.165907	0.0001456305609445701	7.315894754641428e-05	0.0001629738994045646
0.165967	0.00044534287061807714	0.0003619904554487686	0.000573905360008387
0.166027	-0.00023293725428979485	6.387239089824051e-05	0.00024153560142373668
0.166087	1.1851606053703214e-06	5.411528068302803e-05	5.412825702960911e-05
0.166147	-0.00023956373754815155	-8.371326874330012e-05	0.00025376898098807823
0.166207	-0.00011810949413761231	-0.000180177902066329	0.00021543892173529443
0.166267	-0.0003002194427003393	0.00023026280332046065	0.0003783552198243067
0.166327	-0.00017237743525162194	0.00029493782330062597	0.000341617183111796
0.166387	-0.00021675975772652867	7.574201262831093e-05	0.00022961194447730854
0.166447	3.345908266469553e-05	-4.1409421077174386e-05	5.3237678073988755e-05
0.166507	-0.00014835563832378416	-0.00014328624962891342	0.00020625310847397366
0.166567	0.0002919003320528776	-4.330578788080471e-05	0.00029509523058930903
0.166627	-1.7720011209846507e-05	-6.638569459063486e-05	6.870996465985216e-05
0.166687	0.00013031623571770157	0.00015587434026903107	0.00020317266362859262
0.166747	0.00041554317972789304	4.656644580804991e-05	0.0004181441953364438
0.166807	0.00012045910107325871	-3.222408594726224e-05	0.00012469477433523068
0.166867	0.0007462743173988469	-0.00012718479699501268	0.0007570345628805711
0.166927	0.00017456091840311588	0.00015504940554719065	0.0002334776914274177
0.166987	0.00040254407043068316	-0.00011516270443274581	0.000418693416632226
0.167047	0.0001310349514912084	0.00012225657043541378	0.00017921168356703932
0.167107	9.050395667268876e-05	-8.49539382577236e-06	9.090180355563302e-05
0.167167	3.9448576954519105e-05	-0.00011824028942437813	0.00012464732755617877
0.167227	-5.7519993087583646e-05	7.85819725321493e-05	9.738416715174565e-05
0.167287	-0.00023816853816103668	-0.00017858870843499817	0.00029768805711725483
0.167347	-0.00024953829715259045	0.00030927834451521135	0.00039739458493024825
0.167407	0.0001983565294679823	-6.34543189630417e-05	0.0002082588854710549
0.167467	-3.0906226819992305e-06	-0.0001340054751648578	0.00013404111056956297
0.167527	0.00021510386930757272	-2.202445430322929e-05	0.00021622846986103463
0.167587	-0.00010457692289696615	0.00024869975405543806	0.00026979232841174965
0.167647	7.337353001371342e-05	-0.00020960062126553516	0.00022207227504029316
0.167707	-0.0001347960025023094	-4.825424128032844e-05	0.00014317274214089342
0.167767	0.0001915844440916091	-0.00013189090461919505	0.0002325936584242152
0.167827	-0.00027166840017911644	-6.436301924438826e-05	0.0002791886779619368
0.167887	0.00019834632187461075	-2.2994644927066182e-05	0.00019967477831841593
0.167947	-0.00016253339275491856	6.0014950618890854e-05	0.00017325962616320203
0.168007	-0.0003240056037126021	-7.764231591815756e-05	0.0003331785714272494
0.168067	0.0002138446710205689	-0.0002470118399893024	0.0003267176034724729
0.168127	5.924391804867483e-05	-0.00012227742933426688	0.00013587351305664665
0.168187	4.959482724945042e-05	-0.0002645867584082196	0.0002691947243444277
0.168247	0.00042349622821952714	6.919438396580193e-05	0.00042911177808185674
0.168307	-0.00041432409824309507	-5.823708793709874e-05	0.0004183969607876559
0.168367	-8.162128566499522e-05	0.00018298953763446233	0.00020036767493106532
0.168427	0.00013374414180007178	-0.0003981980291720968	0.00042005852675833135
0.168487	-0.0002658202350277697	0.00016500589961843565	0.00031286953232794655
0.168547	-7.950987224534205e-05	-4.747228021708778e-05	9.260365637209105e-05
0.168607	0.00015640385267245041	-0.00013213931641070203	0.00020475098063812346
0.168667	-6.700421817018767e-05	-4.597478510259861e-05	8.126036006459872e-05
0.168727	8.674025238868875e-06	0.0004824627056716419	0.00048254067297777696
0.168787	0.00023089994127053215	-0.00012924069053458972	0.0002646090303987995
0.168847	2.369296161742269e-05	-7.553210173971256e-05	7.916094253748469e-05
0.168907	-3.80120283647671e-07	0.000121774785204028	0.0001217753784757707
0.168967	-0.0005191249627695673	0.0002528601650731095	0.0005774331043950501
0.169027	9.107711381270387e-05	3.669359746121311e-05	9.81909402903229e-05
0.169087	0.0001710433415655276	-0.00016466026366807456	0.0002374212019284326
0.169147	0.00037151545342434565	3.406967825084219e-05	0.00037307435600589467
0.169207	0.00036839744637245074	0.00012567069615082604	0.00038924260091204813
0.169267	0.00033826992811418054	0.0001794738393094623	0.00038293263541104924
0.169327	-8.84933857466392e-06	8.929421300149206e-05	8.97316402879434e-05
0.169387	-4.377753259893343e-05	3.585664722406126e-05	5.6587732863240416e-05
0.169447	0.0002565144379368465	-7.038402656413263e-05	0.00026599542865514967
0.169507	-0.00013257665734902203	0.0001647078312757568	0.00021143613635659153
0.169567	1.7740128926251703e-05	0.00021989471644051989	0.00022060915323888236
0.169627	-0.00024371974844554763	0.00015444941715158628	0.0002885375854907394
0.169687	-0.0002799094220597813	0.0002408011932895557	0.00036923501898860397
0.169747	8.366773340180466e-05	0.00018735515702345077	0.00020518831466698426
0.169807	-6.229383405363663e-05	-7.465854691439741e-05	9.723384384293e-05
0.169867	0.0003156174681751921	-1.7698605543963407e-05	0.00031611331331584124
0.169927	-0.00022268435584534935	-0.00029513817315162863	0.0003697226847104988
0.169987	-6.624010359141178e-05	0.00026911179618993185	0.00027714420465232964
0.170047	-0.00011304106955847823	-0.0005687169683953862	0.0005798424557996451
0.170107	0.00014559256300636375	-9.810877659376846e-05	0.0001755634541910359
0.170167	-0.00029281407818486404	0.00015716212393318942	0.0003323251684456699
0.170227	-0.00010875396825636371	0.00019938854635615863	0.0002271193915752862
0.170287	-0.00015052884806614986	-0.00024442419947272884	0.0002870577004506348
0.170347	-0.00018645623908382367	-0.0001346510661463948	0.0002299931275226388
0.170407	0.0003723701834349491	1.450583072541665e-05	0.00037265261656992577
0.170467	2.507178738881667e-05	-8.557030941249532e-05	8.916766440711684e-05
0.170527	0.00015872738451047037	0.0001826473893362757	0.00024198027073480966
0.170587	7.971861771608618e-05	0.000432125925254285	0.00043941765245314777
0.170647	3.206724629131605e-05	0.00016852544933797125	0.0001715492213892941
0.170707	-0.00014246457780330655	-2.943192132935669e-05	0.0001454730006627066
0.170767	0.00020304292528240323	0.00013383272770811373	0.0002431822948181666
0.170827	-0.0003017071743376343	-0.00019246763948289078	0.00035787010394124243
0.170887	0.000294508820838066	-8.61093098476186e-05	0.00030683914156095084
0.170947	-0.00022398718606674777	0.00014520582607083817	0.00026693630597394275
0.171007	3.550118728414062e-05	0.00020928485508777938	0.00021227455068306337
0.171067	-9.857095832105933e-06	-1.5242155663533998e-05	1.8151739517597803e-05
0.171127	5.037887297740243e-05	-0.0001783923207155651	0.0001853694983883764
0.171187	0.0002728385366781358	0.00029110497821955623	0.00039897741219381674
0.171247	0.0001075030541280568	0.00021578258397048208	0.00024107888790152917
0.171307	-2.1809975507459066e-05	1.8398925368907737e-05	2.853411092651392e-05
0.171367	-0.00019736000054770117	0.00021718944693139224	0.00029346588502678235
0.171427	6.674144444080454e-05	6.213541150625274e-05	9.118788170089469e-05
0.171487	0.00019348335396754794	-5.771943924002138e-05	0.00020190924181105226
0.171547	-0.0001386345901970364	-2.8089697701693642e-05	0.0001414516903966607
0.171607	-0.00040177929219556473	-0.0003939857740233405	0.0005627178598284754
0.171667	3.9547167102051406e-05	-0.00028505331105776034	0.00028778354464908143
0.171727	-0.00017827036528885403	0.00010065607555768178	0.0002047241282479796
0.171787	0.00014563438621479908	0.0005127246314806879	0.0005330064935581635
0.171847	-0.00026945709169249677	-0.00010128457702638647	0.00028786401269834447
0.171907	-0.00022090707297155252	-0.0001620224312889207	0.00027395474649954846
0.171967	0.00026040130523276235	8.928338960321032e-05	0.00027528233402447915
0.172027	-0.0002465187113632034	-0.00020512915091154915	0.000320701486753441
0.172087	-0.00010955214976023726	7.500278379733967e-05	0.00013276705575721685
0.172147	0.0001290179945184706	-0.00013893989812537928	0.0001896046892897401
0.172207	-0.0003379144215419155	-0.00010376934161836444	0.00035348865971331555
0.172267	0.00014805452323602962	0.0002395727971884559	0.0002816296628612637
0.172327	-0.00015824368776437022	8.129753683418052e-05	0.0001779054642572072
0.172387	0.00039290796993733765	-3.836755593929001e-05	0.00039477682580039367
0.172447	-0.0001688789449530072	-6.576466997350074e-05	0.00018123214357603428
0.172507	-0.00010318525135039828	-2.8604105503415546e-05	0.00010707656582042308
0.172567	0.0002208968276407631	0.00012607853769892755	0.0002543446601170406
0.172627	-0.00022691248430987417	0.00029606620960805465	0.0003730207447413072
0.172687	4.56154934364683e-05	0.00018382053802050373	0.00018939578516851937
0.172747	-0.0001250185230585	-7.039782332408614e-05	0.00014347642536841355
0.172807	3.716854451942633e-05	-0.0002947126810523261	0.0002970472438430336
0.172867	-0.00021628945406257876	-0.00012558118845007351	0.00025010350423618867
0.172927	-0.0002581563996727969	-0.00013269697825489578	0.00029026404312281113
0.172987	-0.00043922729652915685	0.0002830014223253057	0.0005225039933382882
0.173047	-0.00017528486854305643	0.0004024634648975904	0.00043897793306444294
0.173107	8.80468488718239e-05	4.922195507594556e-05	0.00010087144520505394
0.173167	-0.00023061896025880572	-0.0002524206758234517	0.0003419083245754931
0.173227	6.663269484644923e-05	0.00021875861939052056	0.00022868154621688794
0.173287	0.00011675851114265538	0.00019871203104503707	0.0002304756412428293
0.173347	0.0002659601283150939	0.0002171125723797406	0.0003433258786324289
0.173407	-0.000288567281301803	6.32941761229131e-05	0.000295427196732109
0.173467	-0.00021594925190596598	-1.385393336978034e-05	0.00021639318581822455
0.173527	0.00012196018536971334	-0.0001668339435995623	0.00020665878048705498
0.173587	-1.3148408815784899e-05	1.4096398133671276e-05	1.9276646355888283e-05
0.173647	5.954760891363607e-05	0.00012911742445827088	0.00014218729558602847
0.173707	-7.605271262725043e-05	-0.0002678423800492521	0.0002784305221207099
0.173767	-0.00020518530471465052	-0.00027474699385714917	0.0003429094922926228
0.173827	-0.00021272103884522649	-0.0005520544935218887	0.0005916201519430363
0.173887	1.1172797065780478e-05	2.2074713159703166e-05	2.47411470097141e-05
0.173947	6.796555005066636e-05	0.00030846007771227274	0.00031585904377736437
0.174007	-0.00016112767485319425	-0.00011058586988855907	0.00019542610425070137
0.174067	0.00010474982987737745	4.680370683124926e-05	0.00011473061419030688
0.174127	0.0002699914312696256	0.00019607617717892176	0.0003336783484377146
0.174187	-0.00024249291449163272	-0.00021994601179708875	0.0003273821340331378
0.174247	0.00039347219922626923	7.976964882889628e-05	0.00040147673461639387
0.174307	-0.00015109530916201277	8.751656287304705e-05	0.0001746108279227729
0.174367	0.00013798711651015046	0.00016691875586940865	0.00021656942393555255
0.174427	-5.714065885346663e-05	-0.000259311240329913	0.00026553224711067797
0.174487	0.000347441776719437	6.468445118832343e-06	0.0003475019841557951
0.174547	0.00032880789367834663	-0.0002926412416285325	0.00044017442820668267
0.174607	-5.3858644310757415e-06	-2.4224744975635465e-05	2.481624074682752e-05
0.174667	-0.0003348945028549241	0.0006029574895320342	0.0006897188283824212
0.174727	0.0001883957637585577	-6.173985113261022e-05	0.000198254314001101
0.174787	0.0004320824340786085	-9.454288378891171e-05	0.0004423048572132333
0.174847	0.00013833672241447554	-8.955632140232491e-05	0.00016479497404804609
0.174907	3.1115727546713457e-06	3.0223080537507925e-05	3.0382832030347392e-05
0.174967	7.010069921637287e-05	-0.0002012142659161125	0.00021307578191522472
0.175027	0.00045153789993409454	-0.00024377254531963746	0.0005131388982804822
0.175087	-0.00025768212079557045	-0.00015344497840920096	0.00029990904750724527
0.175147	-0.0002782366243380286	0.0003809874685371143	0.0004717701456274442
0.175207	-4.418263486276589e-05	0.00011820518360894773	0.00012619259350469639
0.175267	-0.00020739019536378776	9.855131869096813e-05	0.00022961501594790968
0.175327	-0.00017973456069842042	-8.120362403123406e-05	0.0001972271301450695
0.175387	0.00017507705616212794	0.0003067859165513651	0.00035322736896885277
0.175447	-0.0003252672481814806	-0.00012049283676149294	0.0003468678515665363
0.175507	-0.0002797783215128669	6.224422445549295e-05	0.00028661865373109073
0.175567	2.2520458704490185e-05	-0.00017013936671927594	0.00017162335262981232
0.175627	0.00032371297373394437	0.00017655148592003392	0.00036872824212995305
0.175687	0.00015670145696418495	-0.0003339045317372352	0.00036884628631634697
0.175747	-8.86598896347993e-05	0.000538326828446129	0.0005455789129492843
0.175807	-0.0002811100633684564	0.00011214255844944662	0.0003026529714749306
0.175867	0.00012237023661462173	-0.00013455359188212365	0.00018187672720141958
0.175927	-0.00011418447466861964	6.270974206194711e-06	0.00011435654494974653
0.175987	0.0003226579972505758	-5.7753511824905525e-05	0.0003277859840168003
0.176047	-0.00011703659282946203	-0.00015158410385039922	0.00019150797529413207
0.176107	0.00017425311945839936	-0.0003844289233699114	0.00042207789182132293
0.176167	-0.0004970585509293508	0.00021510038407453013	0.0005416044481731999
0.176227	-4.151492873253613e-05	-0.0002996151710101543	0.0003024776686089596
0.176287	-0.00017687563639276667	-0.0001473389147861674	0.00023020370665936658
0.176347	-2.157621061085387e-05	9.265032166219585e-05	9.512946424968597e-05
0.176407	0.0003870713572165447	-4.720811914732093e-05	0.0003899395364551863
0.176467	-0.00019313030781770922	-6.133775608562647e-05	0.00020263670970330848
0.176527	8.397082486789618e-05	0.0001133105401475279	0.00014103325117687467
0.176587	-0.0001535303096414908	0.00042815541925856314	0.0004548501060998975
0.176647	-0.00043108743707319976	0.0002893695359881947	0.0005192023755342063
0.176707	0.0001756936710356192	1.492220870282575e-05	0.00017632622707510948
0.176767	-2.6078270979586416e-05	0.00025070279543607746	0.0002520554856708111
0.176827	0.00022238012603156886	0.00038384455467471007	0.00044360969625025436
0.176887	0.00015956246165781555	8.633465878380322e-05	0.0001814217530441639
0.176947	-0.00016045762479716894	-6.0218511690063176e-05	0.00017138529255952893
0.177007	-0.0002389688478279519	-0.00017378294227897618	0.0002954769386252619
0.177067	0.000251487783565657	0.00025407544412284905	0.0003574918692627704
0.177127	-1.298969241096228e-05	-0.000270789018725988	0.00027110039611095163
0.177187	-3.974755991277016e-05	-0.00027224289581580664	0.0002751291748273807
0.177247	0.00021937151334497642	-0.0004452700371791375	0.0004963761344754355
0.177307	0.0004493618140351663	-0.00015043761148093442	0.00047387499919394774
0.177367	0.00020029120013948808	5.4541882612395705e-05	0.00020758463770766087
0.177427	4.599741807811167e-05	0.00047933679089011053	0.000481538702048633
0.177487	-0.00019349849734299004	6.730719672228959e-05	0.00020487051326290983
0.177547	-0.00025970517872027523	0.0002493466012195883	0.00036002848136486434
0.177607	-0.00022032546958429474	1.0076429299569143e-05	0.00022055576840103095
0.177667	-0.00017123859808854748	-0.00014834420128945566	0.00022655829168568878
0.177727	-8.125699474694978e-05	9.297191272960057e-05	0.00012347662026434918
0.177787	-0.00021866397463299228	0.00033979591490938046	0.00040407325770384857
0.177847	-0.00013458873796672467	-2.4468065974060155e-05	0.00013679479025162703
0.177907	0.00010983135691899697	0.00032419706735563585	0.0003422961662722251
0.177967	3.604302936811041e-05	3.245164563221107e-05	4.849958010404908e-05
0.178027	-1.8493103557544522e-05	0.00014079370087628535	0.00014200303195928944
0.178087	-6.366182820496461e-05	-0.0002562793805225824	0.00026406807692607793
0.178147	-3.758395508777927e-05	-0.00020507901879250436	0.00020849450263480944
0.178207	0.000333324328443559	-1.829399104729643e-05	0.0003338259696919761
0.178267	-0.00022087471112303803	0.00013991339652035775	0.000261460124186363
0.178327	0.0003987463311361017	-0.00027121279259816327	0.00048223958305327447
0.178387	-9.406792610124921e-05	-0.00028291152431576664	0.00029814041207401035
0.178447	-0.00014621797292207713	0.0003537266555488189	0.0003827561135386266
0.178507	-0.0002631454977314027	0.00028813755502459177	0.00039021635484927754
0.178567	0.00011225155132300946	-0.00018867574456507284	0.00021954258666966378
0.178627	-8.485560915690021e-05	0.00012325632945318755	0.00014964156226015993
0.178687	0.00023400670356098972	1.720492920497576e-05	0.0002346383321207964
0.178747	-0.00023924909541964866	-0.00017107811228397833	0.00029412216876966216
0.178807	4.6149913567075e-05	6.870575483550056e-05	8.276651055689373e-05
0.178867	-0.00013614455924597499	-0.000297417530273731	0.00032709712369020683
0.178927	0.00017226542343602014	-4.983225285098958e-05	0.00017932827310771795
0.178987	0.0002614205145195868	4.486154333519023e-05	0.0002652418584652518
0.179047	-0.00039140972118258577	0.0002313620753027953	0.00045467568631349294
0.179107	6.849564523626663e-05	-0.00044002380290823816	0.00044532302943162567
0.179167	-0.00020473609541498105	-0.0005498069305234889	0.0005866894660869861
0.179227	-0.0002907994035328821	0.00041830645123357125	0.0005094551798134004
0.179287	-0.00016640616203445537	-5.9846848749785016e-05	0.00017684076472441828
0.179347	0.0003644567356712254	7.500862651181245e-05	0.000372095426238101
0.179407	6.996601345683562e-05	-8.614595548214971e-05	0.00011097913625981517
0.179467	-0.00043571246113583974	0.00030284793906765406	0.0005306243708939274
0.179527	0.00023565394483366498	-0.00013823345500160565	0.0002732055449608389
0.179587	4.314336662876466e-05	-0.0001922215780337739	0.00019700376936967028
0.179647	-0.00015432621087144768	-0.0003071649159380101	0.0003437540762596763
0.179707	0.0002774316333746603	0.0004605074215912405	0.0005376201228911957
0.179767	-7.082781100044495e-05	0.00010613985942485311	0.00012760191444426814
0.179827	-1.2159347802582514e-05	0.00015141436179412726	0.00015190180610021408
0.179887	-6.787656344368426e-05	-0.00010945381254759675	0.0001287919444147379
0.179947	-7.642354288799223e-05	1.3664180779616276e-05	7.763547992980286e-05
0.180007	-0.00023559834055956195	0.00010711115986804911	0.000258803745418605
0.180067	6.461884512253833e-05	-4.889896880303499e-05	8.103520404719658e-05
0.180127	0.0003526499735131971	-0.00012748667747408275	0.00037498647542576706
0.180187	-0.0001782803246302276	0.0002754087478928955	0.0003280759859639102
0.180247	-0.00045704185059653975	-0.0001978913130876803	0.0004980444006233542
0.180307	3.4625209390571384e-05	0.00012065739431103861	0.00012552733537867506
0.180367	-2.3637017537651735e-05	0.00015890169701063958	0.00016065011021140435
0.180427	8.894987990076418e-05	-2.0224270940838804e-05	9.122007602194174e-05
0.180487	0.00027688995240104084	-0.00017244975218584218	0.0003262008013012982
0.180547	2.4895216263130354e-06	0.00021033192954692654	0.00021034666221469062
0.180607	6.855847407567908e-05	0.0001064832501168891	0.00012664496406506468
0.180667	0.0002529111776378944	-0.00021234282200753893	0.0003302325511398171
0.180727	0.0002055260629271715	-0.00012472681807953974	0.00024041160889314445
0.180787	-7.405742622794172e-05	-0.0003044768153741511	0.00031335384708008917
0.180847	7.162394738715431e-05	-5.778852293232393e-05	9.202990395527737e-05
0.180907	8.232459121740821e-05	0.00014506217478302277	0.00016679440299930214
0.180967	0.00013910387587214902	0.0003177787760535381	0.0003468908168181149
0.181027	0.00038399305882697	0.00023845493834714467	0.00045200821546674725
0.181087	0.00010966338502767987	0.00016470888488503253	0.000197876412883901
0.181147	0.000155784450095672	-0.000131637391747746	0.00020395391096461097
0.181207	-0.00012515862939400197	-2.563071289880307e-05	0.000127756079915932
0.181267	-7.900299605626563e-05	0.00018983750496926876	0.0002056204067665062
0.181327	8.020545530051e-05	-1.5598620335649082e-05	8.170821266150566e-05
0.181387	0.00021304989881056353	-0.00026597292451553266	0.0003407812435544782
0.181447	0.0005979972027450606	-0.0001251817019050087	0.0006109591745630403
0.181507	0.0002787214775340355	0.0001379323973693589	0.00031098393573111545
0.181567	-0.00030555647792301563	0.00010467531810506079	0.0003229886738279131
0.181627	7.793003350575918e-05	5.5887436436275075e-05	9.58983611623652e-05
0.181687	-0.0001068250956593358	0.00022379647285723672	0.0002479848026108982
0.181747	-0.00015213723655228467	-0.00030827114291374555	0.0003437685795693271
0.181807	0.00014521771622266432	0.0002900377845785559	0.000324361066695994
0.181867	0.0003672433465322793	-0.00019020156678715245	0.0004135750374243051
0.181927	4.587806843279606e-05	0.0002852997268625807	0.0002889649309362426
0.181987	-5.810178621336591e-07	1.6082748825635546e-06	1.7100087292184163e-06
0.182047	-1.2638681448337222e-05	-3.247776805828598e-05	3.4850275275819046e-05
0.182107	-0.00020945838571971172	-0.00017429304962872252	0.0002724901511930071
0.182167	-6.790697251891833e-05	0.0005516412477264114	0.0005558052024854006
0.182227	-0.00021787519428874367	0.00014978672993589702	0.0002643967941395038
0.182287	0.00020104797227134591	0.00039094062856797224	0.0004396076230225553
0.182347	0.00014137844535659402	0.000249281816261178	0.00028658208026657763
0.182407	-3.211305153322906e-05	-0.00024780277233550646	0.0002498748928082585
0.182467	-6.401278648987442e-05	0.00012065434049312638	0.00013658369856622542
0.182527	0.00012858870273930873	8.678333345123502e-05	0.0001551334955355759
0.182587	4.9311948205437354e-05	3.93917225009398e-05	6.311399240585865e-05
0.182647	-0.00025925595415389116	0.00042535772534137216	0.00049813938237388
0.182707	-8.849088723894585e-05	-0.00021226682611000927	0.0002299735693316794
0.182767	-0.00013415413220046416	0.00023299674832700658	0.00026885835660700236
0.182827	0.00024053557835245593	3.882294773798328e-05	0.0002436484880404897
0.182887	-0.00016202384203151877	-0.00020264371702352326	0.0002594536595150747
0.182947	4.357813129246153e-05	-0.00012744001035219706	0.00013468485351185973
0.183007	-0.0001365519079627089	0.0005348140253836524	0.0005519714352349423
0.183067	-0.00010681068844009729	-6.0116475600216414e-05	0.00012256636489526378
0.183127	-9.754420757059194e-05	0.0001406639993908095	0.00017117602973311532
0.183187	-3.947969223022921e-05	-0.0001483826070387918	0.00015354492557626947
0.183247	9.896047098018146e-05	-4.7646109729555396e-05	0.0001098331761763274
0.183307	-0.00022569136443112263	6.797004603129617e-05	0.0002357043044500425
0.183367	-0.00014081150308965315	-0.00036821968369263374	0.0003942253351334369
0.183427	-0.00016277243042408702	-9.52517920430591e-05	0.00018859418865272183
0.183487	4.926292241667335e-05	5.9211874946625194e-05	7.702520145852238e-05
0.183547	-0.0002678578949623043	0.0004409200801614074	0.0005159053876275947
0.183607	0.00034789063664246884	-0.00029855347308049254	0.0004584343697323824
0.183667	-8.575836558141218e-05	0.00040378559005661916	0.000412792078417897
0.183727	8.888380947456975e-05	0.0001068945451345632	0.00013902077314645027
0.183787	7.2937131705459876e-06	1.9997772335842448e-05	2.1286360661474792e-05
0.183847	0.00023377612143028097	8.703278172381187e-05	0.0002494513580752171
0.183907	4.663674293753974e-05	-0.00021087566393510117	0.0002159711356452336
0.183967	-2.9272233342798263e-05	0.00018750413454577812	0.000189775299016064
0.184027	0.00012104722460001467	4.818171518748267e-05	0.00013028395243380552
0.184087	-0.00019029909125891202	-0.00010799526422791435	0.0002188074981110674
0.184147	0.00010506053385971203	-0.00011549707536781679	0.00015613228427652895
0.184207	-1.5769700537420517e-05	-3.805204619960505e-05	4.119031045059988e-05
0.184267	1.1892289283439741e-05	-1.3945116063925997e-06	1.1973771628913731e-05
0.184327	0.00022929270926976868	-0.00020746566910697552	0.0003092202295812415
0.184387	-9.568557088262358e-05	0.0004896110614656789	0.0004988734508717441
0.184447	0.00018881804203943941	0.0004118251633392981	0.00045304769965098275
0.184507	4.970160499454363e-05	0.0002951066539757049	0.00029926273867585
0.184567	-0.00014001283008560812	-5.613948972793987e-05	0.00015084838380140117
0.184627	4.416040501443288e-05	0.00014977755495725176	0.00015615203277578976
0.184687	-0.00014819601123180082	0.00032970756131732215	0.0003614818580991746
0.184747	-0.0001682139133338591	-0.00024952729210173883	0.0003009315373016221
0.184807	-0.00015481713944731602	-0.00014761514399865477	0.00021391254615939028
0.184867	0.0001655318927360318	-0.0004425643270848977	0.00047250819159130083
0.184927	-0.0002598160200714504	-0.00018047283753853027	0.00031634602791085755
0.184987	-0.0004021487387048725	-0.00010093660566716327	0.0004146224866134593
0.185047	0.00012634927260764	-0.00018696470023285593	0.0002256544655477516
0.185107	4.065221226927575e-05	0.00014342074839677804	0.0001490708336096574
0.185167	6.97406464372114e-05	-7.271991054479215e-05	0.00010075685165348657
0.185227	-8.879779226176281e-06	-0.0001275809095373498	0.00012788955765613964
0.185287	9.099323156124093e-05	-0.00041643101599418805	0.0004262564477775196
0.185347	-0.0003420038006621849	1.0868992299410885e-06	0.00034200552775842023
0.185407	-0.0003310298966387194	0.0001342876339273765	0.0003572309632359076
0.185467	4.4351718397130076e-05	-0.0003010153749437145	0.00030426523113442216
0.185527	0.00010350311154819398	5.432024900951679e-05	0.0001168913322390236
0.185587	-0.00014632671532654437	0.0001953701422018032	0.00024409219586502218
0.185647	-0.0003451955151552817	-9.926485538288895e-05	0.00035918443061678796
0.185707	-0.0002656560677531439	5.863432259526062e-05	0.000272049866973443
0.185767	-2.2193444472786426e-05	-0.00013993668776514324	0.00014168565756718582
0.185827	-0.00013783760614171703	-0.0001782031002629003	0.00022528992567398215
0.185887	0.0004309657078133678	0.0001227136964248419	0.00044809607519071773
0.185947	-0.00018692978387828911	1.3210502529340152e-05	0.00018739600176594372
0.186007	-2.873610314219489e-05	-0.00045900356274750944	0.0004599022007326185
0.186067	-9.235034168644817e-05	-0.00025615801065018466	0.00027229673525377393
0.186127	-9.594774833071164e-05	-2.155644125378452e-05	9.833946598015184e-05
0.186187	-5.8775927424551766e-05	0.00017321291551494725	0.0001829134323821092
0.186247	-0.00019715841408332873	-0.00028417253554234047	0.00034586915184852215
0.186307	-8.540389542999386e-05	0.00013157218144617958	0.00015686001493409252
0.186367	7.225331895655999e-05	-0.0001767783794494712	0.0001909741802993787
0.186427	5.5969114051851004e-05	-0.0002611429047796337	0.0002670733203532205
0.186487	-4.8985482906746125e-05	-2.4079056866448817e-06	4.9044628099343295e-05
0.186547	2.1314810977467444e-05	2.4116354754366803e-05	3.218570697753332e-05
0.186607	-0.0004878786642021427	0.00010072852075603801	0.0004981684713802818
0.186667	0.00028953678773854476	-9.549690562263222e-05	0.0003048790095061532
0.186727	-0.00028208115722233606	-0.00012661577800465122	0.0003091946547073791
0.186787	-0.00026449865438350393	-0.0002763692057466204	0.00038254343028694415
0.186847	-9.862484917839128e-05	-0.00017268436800342584	0.00019886365134987095
0.186907	-8.333455139629555e-05	-0.0002096157454792239	0.00022557350954673864
0.186967	-8.021903932071362e-05	-0.0003576416245894455	0.00036652779691111567
0.187027	3.596147425287721e-05	0.00012853536230049818	0.00013347122158787893
0.187087	-0.00021685552692228888	-5.784084120230628e-05	0.00022443681174828242
0.187147	4.284350141858082e-05	-0.0004370817332513964	0.00043917651025054694
0.187207	-0.00018069554711787531	-6.53262250819744e-06	0.0001808135943591159
0.187267	1.5141973082783496e-05	6.587946354074759e-07	1.5156297674939669e-05
0.187327	-0.00016589243700598967	1.5823408962152785e-05	0.0001666453747542061
0.187387	-0.0005777355610937163	0.00017555328185955697	0.0006038189574068806
0.187447	-0.0002960403806621532	8.462303707028107e-05	0.0003078976540761406
0.187507	-0.00011939154556234156	-0.00016605740209394874	0.00020452237516212267
0.187567	0.0002148346366841753	0.00022603507529547127	0.0003118425506294017
0.187627	-0.00025003837536936965	-0.00023079488306134257	0.0003402726365793356
0.187687	0.00045925854270488384	-0.0001749119745738354	0.0004914393227009125
0.187747	-0.0003629361352774606	-3.3638196765679846e-05	0.0003644916550098037
0.187807	-1.7984041515252444e-05	-0.00015011007162978008	0.00015118352871235687
0.187867	0.00021451490481614528	7.442448179484091e-05	0.00022705868818151504
0.187927	0.0001954520912231397	-1.6973362920250616e-05	0.00019618770351966777
0.187987	9.283501591520999e-05	-0.00025925632059875834	0.0002753764331789913
0.188047	-0.00028001154748750324	-0.00013087255696413828	0.00030908589889006244
0.188107	-0.00012687575115058074	0.00022582508210531373	0.0002590259136416582
0.188167	-3.3021790822719404e-06	-8.216046456157892e-05	8.222679808715562e-05
0.188227	0.00010337867964601678	0.0002197487667445002	0.0002428511311299219
0.188287	0.00022529907269953775	-0.00039727439208535244	0.00045671283621774627
0.188347	0.000298823871102719	-0.00016328644996410857	0.0003405263142294524
0.188407	-0.00018978282498546736	0.00045467003557490376	0.0004926889098702637
0.188467	0.0003914169401277569	-0.0003882893469948592	0.0005513400384596336
0.188527	-0.0003748785045692735	-0.00040141177052566254	0.0005492406600977771
0.188587	6.464356529975506e-05	-0.00023583002144741779	0.00024452932247596244
0.188647	-0.00015489613040524315	-0.0001576427395216434	0.00022100688798860275
0.188707	-0.0005292760690496656	2.4432604983523306e-05	0.0005298397016598013
0.188767	0.0002872195505334883	-0.00024593160648437445	0.0003781235582143015
0.188827	-0.0004118503148609631	1.494891304605015e-05	0.00041212152558721415
0.188887	0.00034559062533528605	1.7348723228247402e-06	0.0003455949798559154
0.188947	-0.00028612163231090174	-0.00011208798067979849	0.00030729351423212583
0.189007	0.00022668294002610697	-1.8209849836173914e-05	0.000227413178883581
0.189067	2.0359168595175526e-05	4.1586743201068346e-05	4.63028396100972e-05
0.189127	-6.085593165501659e-05	-2.8584328991922697e-05	6.723472526543499e-05
0.189187	6.809250328288982e-05	-4.106706759932676e-05	7.951787877287746e-05
0.189247	-0.0002568202630091844	6.133622482905483e-05	0.0002640431403547288
0.189307	0.0001984977299588307	-0.00023425641035473006	0.0003070462743481714
0.189367	-0.00015388147834608204	-0.00018472743243068635	0.00024042407048881256
0.189427	7.72907055368569e-06	4.071781254570132e-05	4.144488858871167e-05
0.189487	0.00014966865363866174	8.851076995007882e-05	0.0001738817479759318
0.189547	2.041404454014683e-05	-0.00016884803413947012	0.0001700776053666407
0.189607	-8.036222733214812e-05	-4.728237128420195e-05	9.324006765356287e-05
0.189667	-9.073409249045055e-05	-4.3552833398167364e-05	0.00010064554057221889
0.189727	6.1015431639636954e-05	-0.00012077075598876398	0.00013530875211998958
0.189787	-0.00038364360506713954	-5.9037329567024235e-05	0.0003881595316249709
0.189847	0.00018505483874898903	-0.0001526756265781821	0.00023990652407855612
0.189907	-0.0001672298796545523	-0.00043848346983868086	0.0004692905134040591
0.189967	1.7312040370657232e-05	-0.00013771738387226675	0.00013880124121353
0.190027	-0.00014579201809546802	0.00014858044685741548	0.0002081621044491493
0.190087	-0.00020802051149925366	-9.148661588734782e-05	0.00022724949744923583
0.190147	-0.00010174993126734155	0.00012654127083388834	0.00016237531135355587
0.190207	-0.00023296191072937506	0.0001531504745851984	0.0002787944040262516
0.190267	-4.3825285449959996e-05	0.00021476350857784886	0.0002191894620218733
0.190327	-6.46534989303127e-05	-1.9830758217958144e-05	6.762642897145362e-05
0.190387	0.00035681524877119236	4.236822999477112e-06	0.00035684040189526856
0.190447	-0.00011378043094073097	-0.00018845901900484553	0.00022014265445235092
0.190507	0.0001813724774198507	4.479708913070657e-07	0.00018137303063943579
0.190567	-0.0002912237886052859	0.0002364630106037919	0.0003751347097156237
0.190627	2.9951049379606895e-06	-0.0002339669051363507	0.00023398607512557562
0.190687	-2.8811347243477772e-05	0.00017470381360623624	0.0001770635937129561
0.190747	0.0001896440891270344	-4.0622397724669745e-05	0.00019394602274273073
0.190807	-0.00012484692355770394	-0.00023373898077467707	0.0002649918214877735
0.190867	2.5763139836789328e-05	-0.0003708989215500675	0.000371792616092968
0.190927	0.00013711879317796253	-0.0001620509589123035	0.0002122783001792174
0.190987	-0.00011502600675577314	0.000172459903849377	0.0002073002669219592
0.191047	-0.00027301549237175707	0.00030658636450562335	0.000410527292607651
0.191107	5.612036683748119e-05	-6.007384275023864e-05	8.220925833964115e-05
0.191167	-0.00011101403470371656	5.5262085369827405e-05	0.00012400812062369172
0.191227	0.00015761736288111996	-9.122659705623541e-05	0.00018211404419225715
0.191287	0.00013380311866852996	4.028074771427194e-05	0.00013973479595950873
0.191347	0.0002511283010180548	0.0003264417243663753	0.0004118611695456459
0.191407	0.00016703222969542138	0.00021216954956488647	0.0002700290419928768
0.191467	0.00023010620269543568	-0.00039896131994071545	0.0004605637842120794
0.191527	-0.00017841410817387614	0.000133725698049594	0.00022296671570961162
0.191587	0.0002049413996542108	-0.00025377392581326275	0.0003261934743597768
0.191647	4.923351998309228e-05	0.00013020329935628196	0.0001392007135512858
0.191707	-4.812030027863001e-05	-6.794797009092266e-05	8.326157540175684e-05
0.191767	0.00016617144229898282	-0.0003281811844821155	0.00036785301151928673
0.191827	0.00026968842925378337	-9.018066946716418e-05	0.0002843666682628589
0.191887	-0.00023655638993779604	-7.521432674282392e-05	0.00024822594660465873
0.191947	-4.1237458933201e-05	-0.0002318096202108817	0.00023544899244120935
0.192007	0.0002050604045359095	-0.0004048254594923081	0.0004537988785371657
0.192067	-0.00017061071892845395	8.40096163698466e-05	0.0001901726401349382
0.192127	0.00013715029275882825	-7.140324832964196e-05	0.0001546241464838426
0.192187	0.00038844530556684555	-3.1297484480846116e-05	0.0003897041030727657
0.192247	-0.00010643193547265425	-0.00026052372157406485	0.0002814255965459718
0.192307	-6.639929017519244e-05	0.0005813269105919823	0.00058510669344504
0.192367	-0.0006008032609802279	-0.00019330422144914861	0.0006311347561611049
0.192427	0.00016543429342113385	0.0005365107580079014	0.0005614377070503572
0.192487	-2.464501806204544e-05	0.00017197242841432534	0.00017372936726414104
0.192547	-8.251687231227735e-07	7.546946837759235e-05	7.547397936122112e-05
0.192607	-2.7090000614554817e-05	2.669611069715834e-05	3.803354387447365e-05
0.192667	1.292797226283111e-05	0.00025393923248051857	0.00025426809917805925
0.192727	-0.00021552735365847796	0.00019147110303195682	0.0002882936410524881
0.192787	-2.2574471930518784e-05	-0.00023454649084107699	0.00023563035277486045
0.192847	-2.714443699742907e-05	-0.0002006187226207542	0.00020244676417737704
0.192907	0.0001711153612249207	-0.00039531942771821673	0.0004307643401891497
0.192967	-6.63144200556398e-05	-0.00028324179640650676	0.00029090121611794763
0.193027	0.00022147825191921273	0.00010082605168222844	0.00024334853352962218
0.193087	-0.00010490992075959751	-6.20102124378483e-05	0.00012186614755694915
0.193147	-7.20089208765051e-05	-0.00010404852673529499	0.00012653608418780854
0.193207	-0.0004011562573788316	0.00016090277829331666	0.0004322222193463677
0.193267	-7.669259062000996e-05	0.00011297620162536653	0.00013654807061875282
0.193327	1.0136234649089573e-05	-2.5397732650934307e-05	2.7345714045709953e-05
0.193387	7.212405322345902e-06	-0.00031325345727840914	0.000313336476152091
0.193447	6.595056553777104e-05	0.0002047145103271843	0.00021507558632548392
0.193507	-0.00014304115494748524	0.00037128453183575	0.00039788563129271526
0.193567	0.0005121355292078556	-0.00014490776483540443	0.0005322415434618038
0.193627	-6.266874276378742e-05	-0.00015966920885668182	0.0001715273376943525
0.193687	0.00012229045354171205	-0.0002464107083170022	0.00027508760822822313
0.193747	2.4696514271776716e-05	-0.00027220911529022077	0.00027332713049432316
0.193807	-1.8340742025087463e-05	0.00011384499656834071	0.00011531290500926737
0.193867	0.0003884272514895684	0.0002629828638123386	0.00046907964820345745
0.193927	0.00010520400065817152	5.28362172088454e-05	0.00011772657985104658
0.193987	4.008809055835868e-05	3.06964593747452e-05	5.0490866726176804e-05
0.194047	0.00028146013365014296	-0.0001213791859852178	0.0003065170690594415
0.194107	-0.0002465819299715041	0.0002179732935568489	0.00032911245022407157
0.194167	0.0001224584374841427	2.8783493819060213e-05	0.00012579570114868617
0.194227	0.00024393501477143297	-4.253986065316455e-05	0.00024761650020935574
0.194287	-0.00013914253775998927	-1.626922181499476e-05	0.00014009044718593606
0.194347	5.331613249669435e-05	0.00011825126028999406	0.00012971495883118875
0.194407	0.00027203369977470116	-0.00012652955272037263	0.0003000201018677412
0.194467	8.819936957240809e-07	-0.00014867202959375033	0.0001486746457752776
0.194527	0.00013255670671691495	-0.0007003466176303223	0.0007127809378216193
0.194587	0.0004706153707417205	8.042569026275238e-05	0.0004774380785322922
0.194647	0.0002923053038868385	0.0002866536219520948	0.00040940528777561177
0.194707	3.907376720640001e-05	0.00025703108465926724	0.00025998411060066605
0.194767	0.00015456490840619227	0.00026583496169297184	0.00030750371992696026
0.194827	2.8723699117520314e-05	6.252346732306746e-05	6.880577633522147e-05
0.194887	-5.198561913723895e-05	-2.9903496131867687e-05	5.997269110178974e-05
0.194947	-0.0006226353701740269	0.0004654408600494506	0.0007773737829354164
0.195007	1.6507000340676136e-05	0.00011262461542969653	0.00011382787470973057
0.195067	-0.00025750067771748817	-6.285577246501678e-05	0.00026506121398110977
0.195127	0.00026813253923361406	-0.0003442585376661941	0.00043635879657906744
0.195187	-0.0002183386301611636	-0.00026405002110734026	0.0003426283278823282
0.195247	0.00011228984950892564	-8.80101046616344e-05	0.0001426702100134748
0.195307	-9.016332280920402e-05	0.00012600970474295047	0.0001549447335968612
0.195367	5.147441581578964e-05	-0.00012759057499184858	0.00013758259450354668
0.195427	0.0001079506606940617	-0.00024373691310655154	0.00026657274420877145
0.195487	4.5539287412281595e-05	8.561881728944904e-06	4.633716129370496e-05
0.195547	-0.0001303725164456707	0.00032688985726826285	0.00035192893008282504
0.195607	0.00014943828163330723	0.0003095087389578964	0.0003436967551619056
0.195667	-8.478845025941051e-05	0.0001838773116108744	0.00020248443649484554
0.195727	-8.737170808008671e-05	0.00012100460991900013	0.00014925123448226912
0.195787	-1.4391174329621134e-05	-0.00027705364807504445	0.00027742716126990185
0.195847	-0.000162206342280976	0.00018973447980525984	0.00024961985158064993
0.195907	-0.00026004657408003665	0.00012521934976813468	0.00028862450735708226
0.195967	0.00015713995363258494	-7.366206389777287e-05	0.00017354845054142813
0.196027	-1.221222483361296e-05	-6.875085737357412e-05	6.982706370017462e-05
0.196087	-3.6926251644162517e-06	-0.00010827024829836968	0.00010833319965364035
0.196147	0.0003631997527434005	0.0004670908268551874	0.0005916822634870256
0.196207	8.486541838750544e-06	0.0002229786195901151	0.00022314005957401313
0.196267	-0.0001386740367482076	8.955394640919642e-05	0.00016507694504534683
0.196327	-0.00018871922156300628	0.0002553330830100419	0.0003175057918633296
0.196387	-5.9875893596411024e-05	0.0002466548164602047	0.0002538182836538495
0.196447	-0.0004613154562564146	-6.54485173178375e-05	0.00046593503688837056
0.196507	-6.000119770898539e-05	-3.916234744633636e-05	7.165077238955853e-05
0.196567	0.000331818784167573	-8.027503437237237e-05	0.00034139095868217126
0.196627	6.26278740394021e-05	0.000246392914998561	0.000254227691584106
0.196687	3.087620853029543e-06	-0.00023933781955101443	0.00023935773492821577
0.196747	-6.391453682873057e-05	-0.0002510627096629123	0.0002590705544852887
0.196807	4.7029964628320885e-05	0.0003104701752031273	0.00031401201770569494
0.196867	-2.1526124489850442e-05	-0.00011948916690132634	0.00012141266425841071
0.196927	0.00010344974440762227	-0.0002240758257451663	0.00024680321169178593
0.196987	-0.0001264255206858261	-3.062998395389901e-05	0.00013008308190421363
0.197047	0.00015738078175996215	-0.0002339927757548508	0.00028199526516031563
0.197107	-1.2477843420674362e-05	0.00032540117887256857	0.0003256403288723438
0.197167	-0.0001534167481711744	0.00028363986458760564	0.00032247212500104996
0.197227	-0.0001339893537000622	-7.189736728466104e-06	0.00013418211214310583
0.197287	-7.025893043229384e-05	-0.00027082247654516963	0.0002797876536009923
0.197347	5.841209137545994e-05	5.234841958475824e-07	5.841443703878677e-05
0.197407	0.0001617994068049428	-0.0002386066042496347	0.0002882917959879767
0.197467	-4.007385821632855e-05	2.0468198111156055e-05	4.499845826536655e-05
0.197527	2.75958940944878e-05	0.00025934668453065	0.00026081072859051387
0.197587	0.00014808264598754564	-0.0002818319002397772	0.00031836722512758206
0.197647	-0.0002581360432930856	-0.00014920928238832277	0.00029815705055867455
0.197707	-0.00021465176504206583	0.00025326758493165807	0.00033199374965922005
0.197767	0.0004148880262696209	-0.00026740105955811225	0.0004935943688847177
0.197827	-0.00039379032084538534	0.00011018201990996232	0.0004089142872326068
0.197887	-0.00025273189901594065	4.271186448093645e-05	0.00025631565724247416
0.197947	2.118836175070364e-05	2.2620541117432746e-05	3.0994121283303816e-05
0.198007	4.7226734242096923e-05	-0.00033525172609396995	0.0003385617879740121
0.198067	8.086103976068892e-05	-0.00019964739721002467	0.0002154010003781716
0.198127	0.0002464649114559773	-0.00019907684047971855	0.0003168225702098732
0.198187	2.9712189216104105e-05	-4.317781778678601e-06	3.0024280632545755e-05
0.198247	0.0001889310507875561	0.00010815109988946206	0.00021769612389519136
0.198307	0.00012658088264099214	-0.00021394732609442634	0.00024858837099335
0.198367	6.520033179955513e-06	-1.8810731831684193e-05	1.990865301097133e-05
0.198427	3.637986175674315e-05	0.00010322355563095544	0.00010944677600796058
0.198487	-0.0003107522481653584	-1.2153507646465978e-05	0.00031098981894579314
0.198547	-0.00024605475977731387	0.00015950544580996961	0.0002932318742089761
0.198607	-1.936218730535666e-05	-0.00031843871829866235	0.00031902681957625845
0.198667	-0.00022967330221227128	0.0003988734645715714	0.00046027151387894726
0.198727	-0.00034031026154461976	0.0004750257970103706	0.0005843462859793885
0.198787	-1.040356955670051e-05	7.347984121546265e-05	7.421267630648224e-05
0.198847	-0.0002476315599834414	0.00027640875338202215	0.0003711107495695002
0.198907	0.0005255733984085568	-9.699976004518245e-05	0.0005344495771946522
0.198967	-8.4306290998015e-05	-0.00029813694165946254	0.00030982767255992446
0.199027	-0.0001470857384612485	0.00011396848922557126	0.0001860726497770426
0.199087	-7.821178978295915e-05	-0.0003254269376736289	0.00033469355509882433
0.199147	0.00017445856607170666	-0.00011458982299161718	0.00020872618141729656
0.199207	-8.997865844202422e-05	-0.0005273246852855268	0.0005349462428006261
0.199267	0.0001843438861084571	0.00016152362490028427	0.0002450970210885794
0.199327	-0.0001165975964734868	0.00010901646984556499	0.00015962327587473903
0.199387	0.00010653381877639197	0.00013556598298084855	0.0001724169083490504
0.199447	-0.00012861576585833102	8.035918166120255e-05	0.0001516562339786373
0.199507	1.0776635091574186e-05	-0.0001138645875228699	0.00011437342416685027
0.199567	0.00020034394478843956	-5.1396608011622244e-05	0.0002068315921915549
0.199627	-0.0002310142179134557	-6.207173990090066e-05	0.00023920800524332515
0.199687	4.01202222881269e-05	0.00010141196011206275	0.00010905969874440018
0.199747	0.0002750291056585676	-0.00019438141207638032	0.00033678649367241425
0.199807	-0.00016568076801162218	-0.00014527262068292075	0.0002203502920556375
0.199867	0.0002927675801351955	-0.00013676580826135185	0.00032313734276248385
0.199927	0.00018563753991859315	-0.00042551354138206735	0.0004642446231530696
0.199987	6.008869978873081e-05	-7.526022989715004e-05	9.630552448573287e-05
0.200047	-4.257713663533e-05	-0.00020483953986451947	0.00020921770875327838
0.200107	-0.00028458161259500587	-0.0005062411523940963	0.0005807467594438015
0.200167	0.00010276879220004977	2.068577959618632e-05	0.00010482998677744363
0.200227	0.00026641714384303706	0.00031557249030917723	0.0004129940570679163
0.200287	-0.00010035475892718314	0.0001347934405362864	0.00016804865144041598
0.200347	0.0003197906480579989	-0.0003202953115930362	0.0004526092632877006
0.200407	-6.269853452955727e-05	8.020331112771827e-05	0.00010180214805201147
0.200467	7.924792770144435e-05	-0.00011887592675925058	0.00014286959091368623
0.200527	-4.7975690816146936e-05	-0.00019088322314732596	0.00019681989683057545
0.200587	4.311965119210957e-05	-4.0377017701173585e-05	5.90729030721369e-05
0.200647	-4.1831823349394204e-05	-0.00020183110945281918	0.0002061205913723585
0.200707	-1.293013994368884e-05	-0.00023944435373064507	0.00023979321727782388
0.200767	-0.0004571985432033198	-0.00012465969059330845	0.000473888748933816
0.200827	-0.00010736225294263763	-8.898691871061892e-05	0.00013944649532537275
0.200887	9.565273384817886e-05	-0.00021259189911245963	0.00023311962821880264
0.200947	6.427528703179592e-05	0.0001222926828114041	0.00013815503172968563
0.201007	8.093675310049978e-07	-0.00042019482344097256	0.00042019560293081405
0.201067	-0.00010935000444983511	-0.0004842109974785644	0.0004964047880030623
0.201127	-6.079084458715826e-05	-7.886782378967535e-05	9.957740915960462e-05
0.201187	-9.56790386839398e-05	0.00046339670466346574	0.00047317119981719316
0.201247	-9.404123058805079e-05	6.164977499713601e-05	0.00011244753357771985
0.201307	0.0001385767452161029	0.0002451604567709077	0.0002816152763590938
0.201367	-5.75415653680095e-07	0.00014991645815207625	0.00014991756244028825
0.201427	2.3985445168714613e-05	-8.583199353987164e-06	2.5474946341291887e-05
0.201487	-0.00017484461908712004	-0.00012267285617609364	0.00021358668138748882
0.201547	0.00021064190972243493	0.00012736955685911544	0.0002461564911717785
0.201607	-6.53046704056802e-05	-8.358064919714448e-06	6.583735433624809e-05
0.201667	-9.06947557056962e-05	5.938674339685089e-05	0.00010840813624354644
0.201727	-0.0003255725486659972	-1.0690964524971334e-05	0.00032574803325169485
0.201787	4.073445726970785e-05	-0.00027878310794879005	0.00028174335358024754
0.201847	3.847562561491745e-05	0.00016660203259320712	0.00017098716627468664
0.201907	-0.00015868866314893034	-0.0004303613068506262	0.0004586861086256848
0.201967	-0.00015720166341172745	-0.00014063810243501566	0.00021092993821630917
0.202027	0.0001286016272205698	-0.00027784325859835747	0.0003061621382083881
0.202087	7.14913609166397e-05	-0.0001020215056395661	0.00012457689311697116
0.202147	-0.00019272409854705907	-9.706057521545653e-05	0.00021578538741520898
0.202207	-0.00012007753544127046	6.839489129169545e-05	0.00013818999845304435
0.202267	0.00016741275565783606	4.285532124326953e-06	0.0001674675984856144
0.202327	-0.00028909479273582815	0.00019738684952772917	0.0003500533781488958
0.202387	0.00018933511837911706	-0.00016190766089301672	0.00024912221439984505
0.202447	-0.0004156085186119404	0.00018281550257004105	0.00045403958937822623
0.202507	-0.00015739673901974646	0.00012061877769176299	0.00019829932674092748
0.202567	2.494405408440505e-05	8.552141041146645e-05	8.90848891391363e-05
0.202627	-0.00021780156443153168	6.853447835527013e-05	0.0002283297969872781
0.202687	0.00025544837727758214	7.626754093314914e-05	0.00026659071861889625
0.202747	0.0003323833678593864	-0.00016973119135638764	0.00037321224597915706
0.202807	-0.0001563304817780257	-1.7154293494750874e-05	0.00015726884407998195
0.202867	0.00032313250050960556	0.00010657328708626497	0.00034025355017392795
0.202927	-0.0003366151695015014	1.2745571770049913e-05	0.0003368563817686552
0.202987	0.0003994799437813609	0.0005159985636110071	0.0006525632100664133
0.203047	-0.0003104455112965121	9.46845751078252e-05	0.00032456368288442597
0.203107	0.00032539036042441064	0.00026659046518440167	0.0004206534949151897
0.203167	-6.881492330398662e-05	5.768700683681687e-05	8.979579292552918e-05
0.203227	0.00018735424699926832	-9.293761506809186e-05	0.0002091387438118716
0.203287	-0.00015356660399984282	0.00020241734843933835	0.0002540777141215991
0.203347	-0.00019986263930124799	-0.00018826132413509502	0.0002745676615218188
0.203407	0.0001805934355495512	5.481079891577138e-05	0.0001887278798730464
0.203467	-2.828286667603782e-05	4.838558570164717e-05	5.604538742042893e-05
0.203527	-7.643930960497763e-06	3.620745019135619e-05	3.700552836926391e-05
0.203587	0.00029848499065871496	4.8993829501072705e-05	0.0003024792306551201
0.203647	0.0005153522364378019	-0.00022108654348733533	0.0005607737398564786
0.203707	-2.1110304274176946e-05	-0.00013604899486122478	0.00013767706399142124
0.203767	0.00031414508541417784	-0.00010758829059654212	0.0003320577885901294
0.203827	0.0003750460615377851	8.180579216976266e-05	0.0003838642154558386
0.203887	0.00021248844017207288	-0.0003620100224395073	0.0004197649265403354
0.203947	5.8947576444290416e-05	-8.46212594205689e-05	0.00010312892084463352
0.204007	-7.327234979053832e-05	0.00017956767549854235	0.00019394171116027828
0.204067	1.628118846548065e-05	-1.5987450839426753e-05	2.2818319004510115e-05
0.204127	-0.00010690473519381661	-0.0002345148591020924	0.0002577321119816743
0.204187	-0.0002451544548404066	-0.0003231191718351065	0.0004055942627004258
0.204247	-8.584626229120207e-06	0.00016754370836145378	0.00016776349429778093
0.204307	0.00013625213130358116	0.00012286424357415898	0.00018346734214518557
0.204367	0.00014407440774589093	-7.734166563349085e-05	0.000163521155237761
0.204427	0.0004298754744285738	-0.00028066961266151754	0.0005133890873272996
0.204487	0.00022495538924740193	-5.3596904345364714e-05	0.000231252146599456
0.204547	-1.4579849511490879e-05	1.8464012055612278e-05	2.3526405440855522e-05
0.204607	-0.00044289654996439404	-5.474074791010033e-05	0.00044626662820798077
0.204667	0.0001706417334015111	0.00010196289530174578	0.00019878388565622505
0.204727	0.00018125566514012572	1.182356927691679e-05	0.0001816408900436117
0.204787	9.891086785131014e-05	-7.577627790166856e-05	0.00012460097941721903
0.204847	-1.4922841249815364e-05	9.448445011965083e-05	9.5655645444375e-05
0.204907	-9.619886419275049e-05	-2.047707398087524e-05	9.83541154746129e-05
0.204967	2.0621064734649747e-05	0.0001207419718996711	0.0001224902122171873
0.205027	0.00035631786070402106	-0.00018644884844448147	0.00040215120407996214
0.205087	-6.705957028056762e-05	-0.00028285467022222426	0.0002906952879438152
0.205147	8.822607307450336e-05	-0.0003862362067225431	0.00039618461271680736
0.205207	-0.00013049380328912426	-5.121941055744823e-05	0.00014018580782202276
0.205267	0.00023660029399098857	-0.00011662824407514133	0.00026378371146201004
0.205327	3.341503798782556e-05	-3.094101663327203e-05	4.554021600770292e-05
0.205387	-0.00015199319093731704	-0.00028437101258875567	0.0003224419372415163
0.205447	-0.00034477197952615253	2.264777517587682e-05	0.0003455150352543269
0.205507	-0.000295842534724377	-0.0002868658597287181	0.00041208594592638173
0.205567	9.275800016580205e-05	0.0005884324536667707	0.0005956985807630022
0.205627	0.0003404635928872756	-1.5920493478158825e-05	0.0003408356204892626
0.205687	0.0001236861269582311	0.00020686647579923638	0.00024102281388184752
0.205747	-0.00014733059594506542	-0.00020737946356165683	0.00025438660815508483
0.205807	0.00032783297194816146	0.00012728998463372549	0.00035167769005783986
0.205867	-0.0003123622291013978	-0.00013395314056131397	0.000339872926305455
0.205927	2.886145611959467e-05	0.0004425663106364364	0.00044350639562433595
0.205987	-0.00028626521603802683	0.000278555252282407	0.0003994255906766786
0.206047	0.00010016545084037877	4.877089259335002e-05	0.00011140788799007196
0.206107	0.0002017275136781891	6.788887532158373e-05	0.0002128447536755687
0.206167	-0.00032291021503869837	-0.00042317044823002856	0.0005323008878740874
0.206227	-5.21212786254694e-05	-0.00026568022304597635	0.000270744544918847
0.206287	-0.00026045167877604566	-0.00021503727597673773	0.0003377515463129016
0.206347	0.0003554915561089226	6.707254828714691e-06	0.000355554825212766
0.206407	0.00015943907868332303	-1.38105913532131e-05	0.00016003609669356574
0.206467	-1.651155722941967e-05	-0.00013607406406545322	0.00013707217964791202
0.206527	-0.00013616151662286128	-7.110668439698535e-06	0.0001363470579612815
0.206587	0.00010363033719878221	0.00031174742470844953	0.0003285204766833929
0.206647	-8.983257102264378e-06	-0.0004726069241250048	0.0004726922927646096
0.206707	-0.00048186517491850627	-2.812765791449103e-05	0.00048268541716007667
0.206767	2.9601721830284947e-05	-0.0004640227267474392	0.00046496596958642706
0.206827	-7.4781755111039805e-06	-0.00022506009802521733	0.00022518430414239645
0.206887	0.0001620848879598147	5.28948856560437e-05	0.00017049744817301994
0.206947	-0.000148467838530303	0.00024324460616841095	0.0002849748015314433
0.207007	-0.0002889613645995934	-9.060558387414791e-05	0.000302833356915044
0.207067	-0.00015285698310304422	0.0002807271068373799	0.00031964506221221386
0.207127	-9.612727129244428e-05	9.656482193142794e-05	0.00013625423707459364
0.207187	0.0003192367797899153	-0.00014291714112818905	0.0003497676811812229
0.207247	0.0005611683931180405	-0.00021924045012851166	0.0006024751782498895
0.207307	0.0001115358224173049	-7.688345941436582e-05	0.0001354669923406621
0.207367	0.00010055664816607371	-0.0004115772872283444	0.00042368325769687746
0.207427	3.893321209240172e-05	0.00019775799608164234	0.00020155401265680323
0.207487	-6.244574612323519e-05	-6.958807878113647e-07	6.244962336922768e-05
0.207547	-0.00032829238312173496	8.807016217616078e-05	0.0003399003416907422
0.207607	-5.609234171212327e-05	0.00021017515182291817	0.00021753148103788634
0.207667	-8.769781288489675e-05	-0.00014178380050865387	0.0001667139840309508
0.207727	-0.000236774619600504	-3.486454841052196e-05	0.00023932771929476327
0.207787	-5.482726869114659e-05	6.29423997767978e-05	8.347319978168693e-05
0.207847	-0.00028262448666616503	9.020828745534359e-05	0.00029667176405741616
0.207907	1.4460669759620154e-05	-6.975086429322611e-05	7.123407920054023e-05
0.207967	0.00013736990615419208	7.079811404071349e-05	0.0001545408168366319
0.208027	-0.00019972589776093557	0.00017347181870657277	0.0002645428247406793
0.208087	-0.00018344591774993463	-8.701760590991263e-05	0.0002030380961233843
0.208147	0.0002965793166872866	-9.860153871502405e-05	0.0003125404846154626
0.208207	3.144915508397222e-05	-1.7939236401641324e-05	3.6205877398147785e-05
0.208267	-0.0007692381444188729	-0.00023495119246594542	0.0008043192063292785
0.208327	1.9055783915771895e-05	-0.0005949539069050529	0.0005952589976155176
0.208387	-0.00012775876447033548	-0.00015720491706237264	0.00020257267300298457
0.208447	4.310978624798128e-05	-0.0001170871266795902	0.00012477118619468616
0.208507	5.566936209770438e-05	-0.0003538334077455293	0.00035818592701721176
0.208567	0.00021879713447506066	0.00018262968398385763	0.0002850013816221625
0.208627	-7.595746275606233e-05	-0.00010914945275393578	0.00013297796503489685
0.208687	0.00022598109796648618	7.905396587092704e-05	0.00023940966178928602
0.208747	-0.00039547939676727595	0.00017030925656539073	0.00043059168145618485
0.208807	-8.287578313690359e-05	-0.0001409697756817537	0.00016352636816831416
0.208867	-7.050570493157204e-05	0.00015023114302182143	0.00016595315833554017
0.208927	3.0959443595252815e-05	-0.0001671010526570412	0.00016994484089497656
0.208987	0.00017728865245975962	2.93985653804358e-05	0.00017970960446627552
0.209047	6.682471201388533e-05	-6.780519885019825e-05	9.520024751466582e-05
0.209107	0.00031114090770389984	0.00012355090945750496	0.00033477379179766044
0.209167	6.037567619388458e-05	0.0002678629625617289	0.0002745829364476514
0.209227	-0.00023859118943402334	0.00013902542020187964	0.00027614094795566126
0.209287	-7.001210224582387e-05	9.588582019192786e-05	0.0001187256710857362
0.209347	-4.0505783847152475e-05	-7.393915724771946e-05	8.430728022878702e-05
0.209407	0.00013287744325691625	0.00012475858306512088	0.00018226661508600981
0.209467	7.971761978297604e-05	-0.0005344418509646521	0.0005403545049006129
0.209527	-2.9888341666821214e-05	-0.0002367822968930492	0.00023866120147510516
0.209587	4.56591339255667e-05	4.1397532734935576e-05	6.163207141880678e-05
0.209647	5.0241991741549014e-05	-0.00012992456833374176	0.00013930057857333906
0.209707	-9.105358191694948e-06	-0.000374015388104233	0.0003741262060943594
0.209767	-0.0003856864512765427	0.0004028662480793529	0.0005577232759530731
0.209827	0.00023091642418080106	0.00039499118440743775	0.0004575373544488342
0.209887	2.3273692274107917e-06	0.00015936711750429765	0.00015938411084279798
0.209947	-0.0001543610431677798	-0.00030744835912780257	0.0003440230009435756
0.210007	0.0002086812162944568	0.00031542733131873163	0.00037820926929015204
0.210067	-0.00034658400317025083	-0.00015396610117305405	0.0003792440264050939
0.210127	-3.505856400723228e-05	-6.915920116212063e-05	7.753771995378681e-05
0.210187	-0.00029914279408580077	0.00015095710510474488	0.0003350738110253691
0.210247	0.00015715914419844673	-7.239304134773212e-05	0.0001730310638028982
0.210307	-0.00018105044142857933	-0.0002668811261360088	0.0003224977485644011
0.210367	-6.827031733895707e-05	6.281477402679478e-07	6.827320703720827e-05
0.210427	4.89702522358374e-05	0.00010045063216780078	0.0001117515776486057
0.210487	0.00021223033331398505	8.220454707414005e-05	0.00022759459997598734
0.210547	2.4979675390894767e-05	-0.0003756102427487104	0.00037643995356547854
0.210607	8.585443782440693e-05	0.0003090767566649062	0.0003207794039595476
0.210667	0.00016031933386469438	7.548811867618851e-05	0.00017720255323242287
0.210727	-7.748211924952104e-05	-5.796532362249167e-05	9.676496032168457e-05
0.210787	-0.0002232190944027931	0.00013721116515233184	0.0002620184496337301
0.210847	5.444217518080802e-05	-0.00018206379989282368	0.00019002941264402185
0.210907	0.00016544057209206772	0.00018505991419556658	0.0002482292382782921
0.210967	-0.0003640621644043287	0.00014074889213149075	0.0003903223157686561
0.211027	9.86131738595717e-05	-0.00018474767230433075	0.00020941886371701691
0.211087	0.0005295847278480903	0.00013060995351927085	0.0005454529713258898
0.211147	0.0003125865144088958	0.0004409727525477495	0.0005405250202163092
0.211207	5.343929323555193e-05	-0.00019040765848347643	0.00019776459357194226
0.211267	-0.0002600320105138928	-1.0796631775176373e-05	0.0002602560542035209
0.211327	-0.00015014860671972113	0.00012676619333765014	0.00019650514464815413
0.211387	5.174454876439539e-05	4.2263511442651113e-05	6.681094765301562e-05
0.211447	-0.00023051125037756078	-0.0003335184146113987	0.00040542566450032163
0.211507	-0.00022343817604262043	0.00035986590525521477	0.00042358952805565
0.211567	-2.7068984222187263e-05	-0.00039680501706687804	0.0003977272325052264
0.211627	-0.00011138213337377026	-0.00031515044098923286	0.00033425406518186173
0.211687	-3.6422870731784104e-05	-0.00022085004041839452	0.00022383334395293018
0.211747	5.7394564950298396e-05	0.00013748273462916926	0.00014898200699060474
0.211807	-0.0003677547432820898	4.739085794746332e-05	0.000370795691214815
0.211867	0.00029514711162408926	0.00010740122468984134	0.0003140809458800715
0.211927	-9.075710019702187e-05	-8.392398208668058e-05	0.00012361264500631702
0.211987	7.10716360322156e-05	-0.0003204128672522255	0.00032820052246924897
0.212047	-4.854850500188542e-05	0.0003646232426058522	0.0003678410884965466
0.212107	0.00019126115186193196	0.0003111841702622364	0.0003652621196255499
0.212167	0.0003212199274177847	0.00019733061165832087	0.0003769902015540111
0.212227	-7.513830581623477e-05	-0.00043005581015021253	0.0004365704580533246
0.212287	-5.0765214827898844e-05	3.4758840524834055e-05	6.152466197512642e-05
0.212347	-0.00015231525183929349	0.0002268910319574039	0.0002732754586960986
0.212407	0.0003112383049668754	0.00014933410645270553	0.00034521001988453595
0.212467	0.0001089310503221377	-6.73208644849887e-05	0.00012805495897969085
0.212527	0.00011276953013564176	-7.89254554272948e-05	0.00013764517587412685
0.212587	0.00010453927995841643	0.0005165364652957526	0.0005270089003370384
0.212647	-2.950106264193997e-05	-0.000362548611219577	0.0003637469012847362
0.212707	0.00019887422404031606	-2.082721510708023e-06	0.00019888512945046694
0.212767	-0.0001685790619005242	-9.941447512666843e-05	0.00019570932010502654
0.212827	-0.0001664627604034783	-0.00022425450850428814	0.0002792846848390467
0.212887	-0.0004044548287545685	-0.0003062339959171536	0.0005073095393921492
0.212947	-0.00013457803389436263	0.00010969077403927137	0.0001736182971815088
0.213007	-0.00018184195222054866	-3.9191442890218773e-05	0.00018601737763767552
0.213067	0.00014600624333220737	-0.00011628934729029258	0.0001866575350345815
0.213127	-0.00042412223682759527	0.0002900130785790821	0.0005137969029865397
0.213187	0.00016188440854242206	-0.00037576153111439005	0.00040914947145824417
0.213247	-1.656054633820965e-05	1.0001944978324532e-05	1.934659138890932e-05
0.213307	-0.0002950006949847936	0.0001038646456144795	0.00031275113852731636
0.213367	-0.00010217739119808251	0.00013278573723159466	0.00016754781790337972
0.213427	0.00037822253867402384	-0.00011384769168163106	0.0003949855512069513
0.213487	-0.0001508479520043945	0.00014562922708282144	0.0002096734995288152
0.213547	-5.3832442651221066e-05	0.0001905514793670148	0.0001980095911079937
0.213607	-5.612426389921141e-06	-0.0001364226370387988	0.0001365380358237298
0.213667	0.00020107335995116763	0.00010058502049192265	0.0002248284733511579
0.213727	-0.0002301959421970593	6.692585425848318e-06	0.00023029320985142862
0.213787	-0.0001911520977715806	-0.00010432495152674265	0.00021776781211541138
0.213847	0.0002154104127749082	-0.000121738859454187	0.00024743078998593244
0.213907	0.0002033504864165893	-0.00027191255531524216	0.00033954065745346037
0.213967	-0.00021974237942794402	-0.00041540294588952664	0.00046994289096692534
0.214027	-5.4777339311761e-05	0.00025882833815573053	0.0002645612699064869
0.214087	-0.00045856522348943895	0.0001684971185702551	0.0004885420587425383
0.214147	0.00024647836695601484	-1.66629175675169e-05	0.0002470409646175423
0.214207	0.00012989395886316163	-0.0002150408319962357	0.0002512269889458097
0.214267	-0.00019225334079758002	-0.00012742488048081364	0.00023064788577695675
0.214327	0.0001501789163336622	-0.0001993653039172784	0.00024960014286290363
0.214387	6.293582626087465e-05	-0.00014347881489039195	0.00015667510507253653
0.214447	-0.00026571712291218667	-6.518706423475819e-05	0.0002735963134844412
0.214507	3.66605709424491e-05	0.00016149411521744464	0.0001656029791751695
0.214567	0.0004305218375757319	-0.0002767577281054763	0.0005118045454035061
0.214627	-0.00025192689395173894	9.989505002384701e-05	0.00027100955871599367
0.214687	-0.00012678390154927395	-0.0004400650079027955	0.000457964375112894
0.214747	0.00016264003378960932	-0.00015876516698057813	0.00022728431278347416
0.214807	-8.03689258619306e-05	-0.00016200634541303573	0.00018084584650549302
0.214867	0.0001051600503407436	-8.868033456531978e-05	0.00013756030650694545
0.214927	-0.0004403033691817156	0.00032777760661451157	0.0005489127583785128
0.214987	0.0002896937054433133	-0.00016259456580074145	0.0003322039069628905
0.215047	2.210404892603475e-06	0.00013734996795095763	0.0001373677530788006
0.215107	-0.00016931262009185365	-8.775959434680702e-05	0.000190705295475203
0.215167	-0.00020026722725006624	8.188040378241519e-06	0.00020043454371855514
0.215227	-5.097638873026451e-05	9.357143309788186e-05	0.00010655611338618925
0.215287	-6.374788332640829e-06	-3.447450694187565e-05	3.505894401107093e-05
0.215347	4.274818033096021e-06	0.0002193894487702652	0.00021943109237511647
0.215407	0.0001477683397250993	5.6367187600994836e-05	0.0001581541718171168
0.215467	-0.0002766476158397599	-7.147136895164274e-05	0.00028573074725980264
0.215527	-0.0004397479960657772	-0.0003462838616130438	0.0005597238719739479
0.215587	-0.0001859270020526267	0.00020119126421841153	0.00027394666431639596
0.215647	-8.976572442017599e-05	0.00010991473492462061	0.00014191241747721936
0.215707	7.588994839876091e-05	-0.0002559888373446405	0.0002670010657526059
0.215767	1.0967493268983519e-05	-0.00019517529920807782	0.00019548320472502977
0.215827	7.099076087508236e-06	-0.0003524254862181834	0.00035249697901885513
0.215887	0.00022458071098216758	-0.0002376968237401411	0.00032701112482820457
0.215947	0.0002795253867023878	0.00011071556496080207	0.0003006532523285072
0.216007	-0.00019165429846660953	-0.00010136370582254688	0.00021680860448517275
0.216067	0.00035339958410693037	-0.0005075318786711524	0.0006184495726527918
0.216127	0.00036475406429456545	-0.0003125343012344454	0.0004803365662402843
0.216187	5.7243301858488354e-05	0.0001283537101406999	0.00014053992498412978
0.216247	-0.00010155028845319924	6.109106815078826e-05	0.00011850982951946318
0.216307	1.4134837084828019e-05	-0.000541794635456941	0.0005419789854130271
0.216367	5.492418974387394e-05	0.000152419951713815	0.0001620139139069937
0.216427	0.00022980917397202438	-0.0002356559910134924	0.0003291595396494766
0.216487	0.0003791059936671215	-0.00012083350581420331	0.000397897085389786
0.216547	-4.632764676332835e-05	8.150065694819498e-05	9.37475756359336e-05
0.216607	0.00012326415847907553	0.0004810161098314718	0.0004965587081936607
0.216667	0.00034290739690815396	-8.677154940570008e-05	0.0003537156833398713
0.216727	-0.00010692974640492964	0.00015239369641343619	0.0001861660800811284
0.216787	-0.00013309628017814962	-6.352266719445578e-05	0.0001474779612171191
0.216847	-4.424790638869919e-05	-9.351459820155727e-05	0.00010345461467030741
0.216907	-5.0551471038575425e-06	-0.00014002573778046403	0.00014011695740774886
0.216967	0.00036593331666329274	-6.269035570935747e-05	0.0003712644245590513
0.217027	4.3052637178839355e-05	0.0003189051773911586	0.0003217981381781739
0.217087	0.0003672815510728467	-4.382771593154842e-05	0.00036988728883573794
0.217147	-0.00011221771632964003	0.0001697998333954283	0.0002035308312746616
0.217207	5.393371045926554e-05	-5.268247871569929e-05	7.539422184447557e-05
0.217267	4.111393817003925e-06	-0.0002864537526182998	0.00028648325596485497
0.217327	-8.139793418746754e-05	-3.1731847819124996e-05	8.736437406634013e-05
0.217387	0.00028012075336022064	1.6423166529348195e-05	0.00028060177629863335
0.217447	9.075941906788138e-06	-2.5172431161305615e-05	2.675862500327816e-05
0.217507	-0.00032053446616143414	0.0002750976756566003	0.00042239918933286276
0.217567	0.00021181106288398817	0.0001872742124532731	0.0002827287693356275
0.217627	-0.0002473372873460878	-3.228285882620521e-05	0.0002494351953628716
0.217687	0.00017442521827288013	0.0002478060844083881	0.0003030379716130621
0.217747	0.0001989060637634308	-7.6048722901200626e-06	0.00019905139106374272
0.217807	0.00016006415333912971	0.00025629374854702736	0.000302170512672
0.217867	-0.00010567215051500927	-1.7740230077741625e-05	0.00010715091767072264
0.217927	-0.00027837034303370507	0.00045171946797024367	0.0005306039253756258
0.217987	3.3929170100825007e-05	6.451342678811853e-05	7.289150032532357e-05
0.218047	1.1017589728483623e-05	-0.00023609094236720337	0.00023634787993815246
0.218107	-1.4758610945665877e-05	1.9173423874336375e-05	2.4195800877641987e-05
0.218167	0.0001586558197221227	0.00042436123670903985	0.00045304980780585754
0.218227	-0.00011977448281461321	-0.0001998093872028451	0.000232958618531027
0.218287	-8.226531794516394e-05	-0.00032812083667852507	0.0003382763160483368
0.218347	-0.0003101109853848379	-0.00043014838736237415	0.0005302796039890713
0.218407	-4.642172232407437e-05	-0.0002738460164930606	0.00027775279846052153
0.218467	6.88990488427292e-05	3.2047689555395246e-05	7.59877183317921e-05
0.218527	-0.0003654386579506868	0.0002143905028412473	0.00042368467099167267
0.218587	-8.826492503093487e-05	-0.0004338157363309749	0.00044270395308727763
0.218647	-0.000232141920712171	-2.1698595238745505e-05	0.00023315381272299795
0.218707	-0.00013400821841792738	-3.905547812151178e-05	0.00013958342657653458
0.218767	0.0002730950361029789	5.475508956621752e-05	0.0002785301035390822
0.218827	0.0001992373398928951	-0.0001042166132709408	0.00022484799329605288
0.218887	-0.00017566550062037646	0.00012091790885698908	0.0002132592525321108
0.218947	-0.00021072400265109822	0.00022988260573336485	0.00031185031299016153
0.219007	0.0005187006916237573	-6.923040683575043e-05	0.0005233003503931635
0.219067	0.000135429491404637	0.0001724711696074556	0.000219288511983374
0.219127	-0.00010681536356290806	2.198977445981973e-05	0.00010905536242601722
0.219187	0.00014772898008824094	0.00012860923151478164	0.00019586777680040838
0.219247	-0.0003104864922236745	0.00012471452299247599	0.000334597630144929
0.219307	8.244449753026827e-05	0.00014181292690807016	0.0001640365855876428
0.219367	-0.00019736641164319488	2.26410650392395e-06	0.00019737939766645393
0.219427	0.00045952053428314967	-5.4077940877997384e-05	0.0004626916306974609
0.219487	0.0002471763958353594	-5.007554779290907e-05	0.0002521978016258631
0.219547	-5.79057349637586e-06	0.00012173114190184621	0.00012186878866282518
0.219607	-8.10386925025065e-06	-8.768801316964738e-05	8.806168491725225e-05
0.219667	-1.3101910783049665e-05	-0.00015049471710126312	0.00015106395977054293
0.219727	-0.00010234901175234818	0.00033648287221882335	0.0003517044832004723
0.219787	-0.00014417479005327582	-0.00031001344855693166	0.00034189868144388546
0.219847	-0.00023724515118593668	-9.633569447913593e-05	0.00025605825077902757
0.219907	0.00010640879492958223	0.0003059330318585656	0.0003239102524165297
0.219967	-5.581014406427602e-06	-0.00026066061414903026	0.0002607203549597814
0.220027	-0.0001452257583022166	0.00020332900521121685	0.0002498663747578631
0.220087	7.826303956123273e-05	0.00019958765951375452	0.00021438362155617552
0.220147	-9.835995266208354e-05	-0.0001614526029357136	0.0001890545510756208
0.220207	-5.850659111660887e-06	-8.872986864718288e-05	8.892254945843146e-05
0.220267	6.545130752029358e-05	0.00010181296354591192	0.00012103616485215163
0.220327	3.493903818117152e-06	-0.00016054658576790585	0.00016058459940362213
0.220387	0.00018532427932966633	-0.0002693517200303165	0.00032694867730631696
0.220447	-0.000263003395030399	8.068657014138978e-05	0.0002751019963553473
0.220507	3.0295331262314963e-05	0.00017547687743421853	0.00017807285478240963
0.220567	8.06176671198199e-05	-0.00017455563459698776	0.00019227292534675598
0.220627	0.0001636649034226937	-8.582979460625194e-05	0.000184805179187465
0.220687	-0.00035441779608948935	0.0002537995542243467	0.00043591993291131797
0.220747	-0.0002876048587832376	-0.00019642196879312895	0.00034827883171432484
0.220807	0.00021469212731057872	-0.00023845476874359653	0.000320863500987108
0.220867	4.0371962884678034e-05	6.08487547781925e-05	7.302373823092341e-05
0.220927	0.0003487804186467641	0.0002359950050474436	0.00042111925014033137
0.220987	0.00028490895522757597	-5.136684695136566e-06	0.0002849552566606311
0.221047	0.00037557941599704965	-2.8532993397711046e-05	0.000376661690954786
0.221107	-0.00020721952939654304	0.00017945152853302007	0.0002741218423551142
0.221167	0.00026958277092953894	-0.00035747698822119164	0.000447732808145374
0.221227	-0.0001022969164268745	8.733646614425932e-05	0.00013450768539014526
0.221287	-8.85512329041931e-05	-0.0003916663979301054	0.0004015518498480568
0.221347	0.00010616432317571287	-1.396598078340079e-05	0.00010707899950316833
0.221407	0.0001702608088555858	0.00020840136585889303	0.00026910940586313684
0.221467	-0.00010283627661936587	-0.0003810196274353211	0.00039465333684118983
0.221527	-2.220491683711474e-05	4.0311817727150926e-05	4.6022831075567496e-05
0.221587	0.0003551492631749683	0.00033480700572869715	0.0004880847572079451
0.221647	-0.00038358637982550796	-0.00010761556070456579	0.0003983963098390809
0.221707	0.0002415687460482279	0.00029243570457558057	0.0003793073956277803
0.221767	4.9939450957587296e-05	-0.00024062194851677042	0.00024574961011149656
0.221827	3.5693726920079955e-05	4.4064230474395066e-05	5.6707129611238894e-05
0.221887	0.00020116480423997164	-0.0002561398069533963	0.0003256913863936675
0.221947	-0.0001453261463084941	-8.711022082611936e-05	0.00016943399709991238
0.222007	-6.433343123870697e-05	0.0001423416051346823	0.00015620474681411975
0.222067	-0.0001798284842744711	0.00013765859253704957	0.00022646892028650451
0.222127	6.186187707596098e-05	1.9101898988353214e-05	6.47439138477321e-05
0.222187	-1.995252057036443e-05	-3.670805202115588e-05	4.178018861013796e-05
0.222247	0.00013738380795831552	-6.308615936688504e-05	0.00015117597095038395
0.222307	-0.0002524301008264209	-0.0002542300366965352	0.0003582650797411864
0.222367	-5.005941994018114e-05	-7.164858103953111e-05	8.740403131278134e-05
0.222427	7.318088529634285e-05	-0.00019044066680851864	0.00020401737560127005
0.222487	0.00041353273424869243	-4.474269510021069e-05	0.00041594618769743533
0.222547	-0.00019456965448143163	2.3407062611435155e-05	0.0001959725517135482
0.222607	0.00010870338101546292	-0.00011269378032516348	0.00015657686025773127
0.222667	0.00011630300582069497	-0.00013735713806701475	0.0001799815894498367
0.222727	0.00039857653347092356	0.00011145024119615563	0.00041386520667528883
0.222787	-3.089663395564394e-05	0.0004234263655948561	0.00042455210407046364
0.222847	8.15756299982677e-05	-0.00018657079997487093	0.00020362526074354717
0.222907	-0.00013444642580285116	-0.0003442797979976197	0.0003696003527060592
0.222967	-9.460588054716179e-05	0.00034566648981354867	0.0003583791216213969
0.223027	-0.00013272317473857272	-0.0002523665991244308	0.00028513916157959937
0.223087	0.0003177204862191251	-0.000136735319492727	0.0003458942829248489
0.223147	-0.00010809934901474683	1.979472879191071e-05	0.00010989677222447139
0.223207	6.02808879245309e-05	-0.00012262113342116217	0.00013663721239274572
0.223267	4.262539417148091e-05	0.00032517462400976846	0.0003279564915170432
0.223327	0.00032727041170033404	6.944910712009612e-05	0.0003345580679856409
0.223387	0.0002709513309939998	0.00011728664272841716	0.00029524698191501196
0.223447	3.400816595020154e-06	-0.00012072601533311008	0.0001207739058394788
0.223507	-4.869703057104641e-05	0.00037604175771960963	0.00037918175633235707
0.223567	-0.0001267337502870071	-8.833166581999607e-05	0.00015447953472335724
0.223627	8.996261074259517e-05	0.0001134131478741587	0.00014476122907170098
0.223687	-0.0004317963259820438	-5.044413419378121e-05	0.00043473288098112807
0.223747	-0.00022007294828538785	4.831563013735343e-05	0.0002253142309810735
0.223807	-0.00027305200972910747	0.00031800362870887784	0.00041914640388427337
0.223867	-7.084413723086895e-05	-0.0003334184250671497	0.00034086175783482183
0.223927	-0.00038814621814138524	-0.00015848780626405857	0.00041925633136764145
0.223987	0.00011172165428907329	-0.0004829599010516426	0.0004957136210161061
0.224047	-2.949210173214889e-05	-0.0002104416404624664	0.00021249816023936159
0.224107	6.0118010319558016e-05	3.722746407992023e-05	7.07110970541699e-05
0.224167	-6.749543058851445e-05	-7.620151534250959e-05	0.00010179540309279048
0.224227	0.0002799812122503616	-3.165271882453252e-06	0.0002799991038544086
0.224287	-2.5037090415109452e-05	-5.1038491431039344e-05	5.684877750673837e-05
0.224347	-8.458162309567564e-05	0.00010421362818508652	0.00013421822255192618
0.224407	1.5001291612262957e-05	-0.0003268649939012072	0.0003272090508957116
0.224467	-1.1488468127767056e-05	-0.0003914778987485773	0.0003916464350770016
0.224527	-3.272333936084718e-05	7.15928193152034e-05	7.871688965161499e-05
0.224587	7.16351494433079e-05	-0.00023740478574756088	0.000247977069366525
0.224647	-0.00011674201930408711	0.0002936392130668905	0.00031599475711115616
0.224707	0.0003847516542155305	0.0001765937981873561	0.0004233428929128536
0.224767	-8.62737269726385e-06	0.00029288918826887554	0.0002930162250873803
0.224827	0.0002778205269181257	0.0003047522970368332	0.00041238114375695113
0.224887	-9.916515467062336e-06	1.296090333473126e-05	1.631938400371578e-05
0.224947	0.00025837913777968283	-4.179365439564558e-05	0.0002617374416997213
0.225007	0.00012818707106020997	-0.0002200212330097472	0.0002546394866514712
0.225067	-5.961246911536356e-05	0.00016114861497529279	0.0001718211936359579
0.225127	-0.00029835014568524123	-7.908508007147112e-05	0.0003086539475210315
0.225187	0.00039706232851617	-7.489541543073785e-05	0.00040406412359825477
0.225247	2.0682811257631035e-05	-0.0001040651140452387	0.00010610054968173975
0.225307	-6.071300690810946e-05	-0.00015605850984481173	0.000167452464009364
0.225367	-0.0002554396511144476	0.000425855118053634	0.000496590371366527
0.225427	-2.7655298772707365e-05	-3.318590442211437e-05	4.31986088030786e-05
0.225487	-0.00011954738156490099	-5.397474908725973e-05	0.0001311672595507609
0.225547	0.0001301711725466594	0.00021012551167724468	0.0002471786091469002
0.225607	-0.00022635239155940147	0.00010091735623040491	0.000247830018264929
0.225667	0.00013004255525345362	0.00016896688730345648	0.0002132155603652475
0.225727	-0.00013325545498508299	8.447139358294873e-05	0.00015777335838831254
0.225787	-3.426146385569496e-05	9.121299166709793e-05	9.74354029826796e-05
0.225847	0.0003710338195172626	0.00040349868492258747	0.0005481580830014514
0.225907	-0.00012743001539690737	5.894466620650669e-06	0.00012756627125066412
0.225967	0.0005596455356244496	-9.839329503525795e-06	0.0005597320233374682
0.226027	-0.00013657131965825252	-0.00014537049630598264	0.00019946003747478919
0.226087	-0.0004336558049966667	-0.00040547092760799904	0.0005936868116630166
0.226147	0.00013892880616882904	0.000267366901218816	0.00030130760536509557
0.226207	-0.00014516370327742433	-0.00018982596711350903	0.00023896945105974344
0.226267	7.704676151884726e-05	0.00012614901008547663	0.00014781669799480643
0.226327	0.00037433902365814045	-0.0002588356111835947	0.00045511051212877385
0.226387	0.00020265316909247409	0.0002912282536095118	0.00035479881995811234
0.226447	3.5410846172825115e-05	3.601969503430158e-05	5.051085484368259e-05
0.226507	-8.484899251518631e-05	4.582656049393787e-05	9.643352724829e-05
0.226567	0.00012605383171823188	0.0001774345922341479	0.00021765248220993635
0.226627	0.00022585895239531025	-0.00019008462984474388	0.00029520235920520746
0.226687	-0.00011470238826672063	9.156271575178952e-05	0.0001467663748613167
0.226747	-8.254535035658714e-06	9.880102476802946e-06	1.2874539743503258e-05
0.226807	1.7798627496691497e-05	-7.808082434307678e-05	8.008374535984436e-05
0.226867	1.859084632508065e-05	-9.743450162968748e-05	9.919224604226047e-05
0.226927	1.0531656483697198e-05	4.9599781578243285e-05	5.07055630172868e-05
0.226987	0.00012697787020496496	-6.563985626663977e-05	0.0001429404430260871
0.227047	-0.0003174082008579591	-0.00010198038911497063	0.0003333886106871789
0.227107	-0.0003657596584625395	-5.4466672075604e-05	0.0003697928421773803
0.227167	-0.00020048785360593123	4.677952266961716e-05	0.00020587302685080077
0.227227	-0.00012996656898451098	4.026276986970736e-05	0.0001360602796233591
0.227287	0.0002008297508142779	7.083535583973511e-05	0.0002129559495507624
0.227347	-8.180854251105224e-05	-1.6961252005795723e-05	8.354831953658165e-05
0.227407	-0.00011956648316776586	0.00019513800932531643	0.0002288558205083605
0.227467	0.00015000196705248494	0.0001930232130530955	0.0002444556215286437
0.227527	-0.00017061240967610906	-2.929288064569782e-06	0.0001706375546708687
0.227587	0.00010444285904062164	-0.00013700910824411024	0.000172278282283129
0.227647	-5.95336295252759e-05	0.0002527425674827057	0.0002596595048562691
0.227707	0.0001681703794088682	0.00012763521022427066	0.00021112087390761828
0.227767	-4.174586000395348e-06	0.00017286599982020625	0.00017291639905490236
0.227827	-0.0003026204122602005	7.938110676782793e-05	0.00031285855274903226
0.227887	0.00025104292072045505	-0.0004115513930712863	0.0004820758209895753
0.227947	-0.00013652124281283556	5.813613888573256e-06	0.00013664497007064187
0.228007	-0.00017224936323130297	-7.497360009205094e-05	0.0001878586805137099
0.228067	-0.00027696845829105446	0.0002392392721527966	0.00036598764491212464
0.228127	0.00019633069084374274	0.0004023702238343353	0.0004477136776955495
0.228187	0.0002463931322491496	9.427619650313466e-05	0.0002638135266559404
0.228247	0.00018816890973025007	-0.0002446650521661097	0.00030865600000731585
0.228307	8.883444993542565e-05	2.0825308926859318e-05	9.124282430541469e-05
0.228367	2.7840410063414595e-05	0.00013174295609475812	0.00013465249686910543
0.228427	4.391076444002276e-05	-3.70657003619916e-06	4.4066925183638774e-05
0.228487	0.00025149427486007817	-0.000161627321429847	0.0002989527743975353
0.228547	-0.00017324888787107127	-0.0005508427388934629	0.0005774451490316762
0.228607	-0.00031586467891066413	-0.0005481326229328767	0.0006326293288384694
0.228667	0.000131088663067944	0.00034632291131990456	0.00037030230419217674
0.228727	-0.00028911856158097816	-6.139237486514196e-05	0.0002955648259557216
0.228787	-0.00010533078686267834	0.00018504752186898502	0.00021292524512364302
0.228847	0.0001023960411698771	2.6483316579160805e-05	0.00010576537857113367
0.228907	-0.00020895160002841123	0.00010773983829939357	0.00023509284104628243
0.228967	0.00018128590349310886	-6.999795716015418e-05	0.00019433037027677264
0.229027	-0.00025034460190659683	-1.0148733165394225e-05	0.00025055022747671736
0.229087	-7.65841402080955e-05	-0.0003156637692633424	0.0003248210980785483
0.229147	-0.00014446701538949337	-0.00024849460522298846	0.00028743744947462395
0.229207	0.0001281615658893565	-0.00022428661317639386	0.0002583212570063664
0.229267	0.0004463893471255663	-7.146013201388254e-05	0.00045207300261642573
0.229327	0.00019642176930374645	-6.142153146455397e-05	0.00020580115642013623
0.229387	-0.00013838017196552059	0.000139951444364147	0.00019681330944023572
0.229447	0.000138046183186556	3.330093406368614e-05	0.00014200598896486777
0.229507	6.70045683490279e-05	-0.00018231188754685914	0.00019423500333497605
0.229567	0.00021100520653096594	-0.00013249767272507956	0.000249156237049643
0.229627	0.0004886157578029692	-0.00021532398021850083	0.0005339567166264576
0.229687	-0.0002192214658060301	-1.7072716352283063e-05	0.00021988526261164013
0.229747	0.00010084016789621779	-0.0003588845902587903	0.00037278262913735294
0.229807	-4.05205333344805e-05	0.0002840902054223413	0.0002869654307379529
0.229867	-0.00026467577385141743	-0.0003781886819360533	0.00046160583229458435
0.229927	-0.00026326958797139326	-0.00015456756335328287	0.00030529003847423237
0.229987	0.00019239252429572543	0.00028632784758248755	0.00034496162062771786
0.230047	0.0001789862662117521	2.5019389714304304e-05	0.00018072646002757986
0.230107	0.00013497669226654617	-0.0001544270694834656	0.00020510101717073227
0.230167	-0.00025288448741607835	-9.554769202780129e-05	0.000270332989898629
0.230227	-0.00017696801670572486	0.0006167118088313923	0.0006416004473882834
0.230287	9.467737478394714e-05	4.411643322179364e-06	9.478010283167095e-05
0.230347	-3.284850388607096e-05	1.586872735132357e-05	3.6480689622098206e-05
0.230407	-9.710568165169658e-05	4.821256331120495e-05	0.00010841570306038507
0.230467	0.0002872253661097475	0.00016767588420750826	0.0003325862490868319
0.230527	-0.00010933037508917639	0.00011313534256774799	0.0001573300246458434
0.230587	3.069102306772725e-05	0.00021585446716194414	0.00021802543404545854
0.230647	1.2436232012139794e-05	6.339772881893077e-05	6.460597407406266e-05
0.230707	-2.579565045936144e-06	0.0003490227477373684	0.0003490322801604014
0.230767	-5.760072861515139e-05	0.00029792261488121837	0.00030343982664551313
0.230827	-6.26570336182192e-05	0.00011660881130006666	0.00013237642816849685
0.230887	-0.00014563528055774045	-0.00031066570454471094	0.0003431075850566312
0.230947	0.0001942193864673051	8.156420821372046e-05	0.0002106511099929634
0.231007	8.765387295159401e-05	-0.0002207532892257393	0.00023751887534972265
0.231067	1.1049209086562865e-06	-8.367601801179554e-05	8.368331279606895e-05
0.231127	1.0063665132978061e-05	5.7957299388880136e-05	5.8824534918357016e-05
0.231187	-0.0003986315223074646	2.1059567829089714e-06	0.0003986370851177022
0.231247	-0.00016711375990752776	0.0001743910773261389	0.00024153520778843443
0.231307	-0.00011595157598652493	0.00010834011232228511	0.00015868947007210093
0.231367	-6.60182907895235e-05	0.00014503905380397478	0.00015935727735852658
0.231427	-0.00014194762581266513	-8.617662270780443e-05	0.0001660588413038453
0.231487	5.753369287315743e-05	0.0005957031527641769	0.0005984750387683709
0.231547	-0.00015358498500077657	-0.00029677601111666565	0.00033416215882712993
0.231607	-0.00035457533100673156	-0.00026247147882293585	0.0004411518361675854
0.231667	-0.0002719061196542387	2.5524841154088167e-05	0.0002731015478194267
0.231727	0.00013370730741458676	9.69004895508081e-06	0.00013405797665491849
0.231787	-3.299964840410494e-05	0.00010504683576327933	0.0001101081945119069
0.231847	0.00024005816656694868	-0.00011590133062473464	0.0002665727701324142
0.231907	-0.000385748661484945	-0.00021189715242016244	0.0004401163857903955
0.231967	0.00012088627466340813	-1.282301629489203e-05	0.00012156447321851898
0.232027	0.00011844458952555445	0.0001949490513873742	0.00022811017825760023
0.232087	0.00010309886665273461	-0.00022579025443529398	0.00024821485713597636
0.232147	-0.0001702008642182816	-0.0003574970030714183	0.00039594499792988366
0.232207	0.00012644588278684987	-0.0004012451168104024	0.00042069728432441686
0.232267	-8.342486867288093e-05	-0.0001643097314315531	0.00018427532812668258
0.232327	-0.00020318139043351845	-0.00017912866810302185	0.0002708685237432737
0.232387	0.00028135307980074487	0.00017852752472086682	0.00033321409423420857
0.232447	0.0002368804824526311	-0.00035713330341987054	0.00042855169977329524
0.232507	-4.9424961917236476e-05	0.0002537881004325552	0.00025855604185879124
0.232567	0.00012356968940173922	5.03877208212286e-06	0.00012367237914319383
0.232627	-5.36941079158768e-05	0.00013739653326071382	0.00014751564180433296
0.232687	0.00016425739174806423	0.00028733056857145926	0.0003309672889871068
0.232747	-7.280654109774175e-05	0.00023353013232198572	0.00024461626096590824
0.232807	0.00023439328980132414	-8.268522133901569e-05	0.00024854991476918584
0.232867	4.285128982254461e-05	-0.00020070988505113018	0.00020523325996702778
0.232927	-9.236840257036789e-05	0.000237384598589188	0.0002547221416382005
0.232987	0.0002660905329225774	-0.0002037795248575327	0.0003351570772968744
0.233047	-0.00014480582962199244	0.0002843609082716586	0.0003191079040788494
0.233107	-0.0001501111871321344	-0.00040962202260672953	0.00043626089660505523
0.233167	0.0001024202477521533	-0.0003583885349901904	0.0003727361656212439
0.233227	7.798930815403914e-05	2.797270056839236e-05	8.285411373875538e-05
0.233287	-6.584969939509925e-06	0.00011004425010044727	0.00011024109401341244
0.233347	-0.0002197741647041453	-0.00012064000743655265	0.0002507083861096319
0.233407	-1.1403941548825667e-05	-0.00016880349330429339	0.00016918826565273862
0.233467	5.705830205776774e-05	-0.00012454636308307642	0.00013699432977658954
0.233527	-1.6020991649996214e-05	4.8391737549381274e-05	5.097482159358134e-05
0.233587	0.0003927194237214414	8.420938211763633e-05	0.00040164631929688475
0.233647	-0.0002988902357166379	-0.0003376812896044877	0.0004509590074005588
0.233707	0.000407491640810727	0.0003950516779342177	0.0005675519937144609
0.233767	0.0003518839832646475	-0.00025462967021149793	0.00043434848523991757
0.233827	-2.045565157003189e-05	-0.0002095486642115995	0.00021054471343166095
0.233887	0.00021213259874581348	-0.00010361742878306367	0.0002360864481461517
0.233947	-3.5883718832097804e-05	-0.00023306839754822038	0.00023581458651431288
0.234007	-4.8629320585761576e-05	-0.00018224362594453872	0.0001886201209257531
0.234067	2.1388529556240878e-05	-0.00028548026487364056	0.00028628037101572674
0.234127	-0.00014290190586355178	5.653693959018561e-07	0.00014290302425767356
0.234187	0.00021185027322644963	0.00034381014797766577	0.00040383902253069326
0.234247	-1.3026171609648252e-06	-0.00018209708318154215	0.00018210174220663987
0.234307	-0.0002569407512892531	-0.0002045208401966893	0.00032840116282961836
0.234367	-7.559355479398719e-05	0.0003531878844386065	0.00036118702529383583
0.234427	6.556280855691898e-05	-3.2235511648212166e-05	7.305894932924529e-05
0.234487	-4.539956355226688e-05	-0.0003787434826017851	0.0003814547758045048
0.234547	-0.00012199758566857816	3.903998313018173e-05	0.00012809188573741485
0.234607	9.148049144530413e-05	-2.349270619130458e-05	9.444886213854205e-05
0.234667	-7.140326223232968e-05	5.017313716351653e-06	7.157932169521536e-05
0.234727	0.0001296209653993392	0.00019304869043292118	0.00023252825967809272
0.234787	6.771384762638757e-05	-6.009821850822482e-05	9.053706991189835e-05
0.234847	1.8829830952313406e-05	-0.000370164562286267	0.0003706431784159481
0.234907	0.0001339234752777321	-0.00029822798442524594	0.00032691807524945764
0.234967	0.00020388329978893833	0.00013135194726398701	0.00024253192363659536
0.235027	0.00037620875227346986	3.1232446083821983e-06	0.0003762217164705472
0.235087	-6.105225211460897e-05	9.372466937169989e-05	0.00011185567101001287
0.235147	-0.0004517326139850552	9.270076075182711e-06	0.0004518277203184977
0.235207	0.0003796190498271105	-0.00021977402719545682	0.0004386470631627979
0.235267	-0.0004735624606864717	-8.022399593071574e-05	0.00048030958109798055
0.235327	0.0002217665565281735	-0.0002688185550720576	0.00034848790674195916
0.235387	-7.308954189751226e-05	0.00014968679707911476	0.000166577964793043
0.235447	9.306043987205562e-05	9.390294217716502e-05	0.0001322044175461186
0.235507	0.00034866858533431466	0.0003869739414571529	0.0005208825335581106
0.235567	0.00018101170835590168	-0.00020175034433923085	0.0002710506225835319
0.235627	7.708707038120397e-05	-9.978680868010997e-05	0.00012609450268159022
0.235687	-0.0005097654217059322	0.00010128971225713542	0.000519731075630619
0.235747	-0.0004962602792400178	-0.00012822544555808702	0.0005125583182818814
0.235807	0.00026001197151009713	-0.00021552636343302929	0.00033772450112959493
0.235867	0.00024366026826121146	4.292901960577589e-05	0.00024741306969001985
0.235927	7.482499756148939e-05	1.6369079972265564e-06	7.484290031705263e-05
0.235987	-3.846165260032198e-06	-0.00041596336698950377	0.00041598114820800723
0.236047	-0.00023448499615097115	7.521028125798476e-05	0.00024625149710575593
0.236107	2.0659165523356164e-06	9.06762318574651e-05	9.069976314781634e-05
0.236167	5.265477375637867e-05	0.00011434637025976418	0.0001258873210093793
0.236227	0.0002821919811199443	0.0002565860088075794	0.0003814035843095896
0.236287	0.00011363089203798725	0.00037349643056819104	0.0003903992357478793
0.236347	0.0002299989760399331	0.00021335946939065543	0.00031372247633550224
0.236407	-0.000654219854902582	-0.0001919322538083608	0.0006817929367489168
0.236467	-1.8137070181416538e-05	0.00013276531928859653	0.0001339984452169823
0.236527	2.79004594153439e-05	-9.645823362347566e-05	0.00010041228246259648
0.236587	0.00016614542309469272	0.00010257608090904555	0.0001952591969408189
0.236647	-0.00017445257630129845	-6.716758014985072e-05	0.00018693631322283795
0.236707	7.575575061485229e-05	-5.451580145923443e-05	9.33322364457338e-05
0.236767	-0.00011459241561988277	0.00010200566307884706	0.00015341635185910012
0.236827	0.00011066982381262578	-0.00011050823983385063	0.00015639655039000535
0.236887	0.00017987854361052851	0.00022881210156417905	0.00029105200269653015
0.236947	9.65572418392944e-05	0.00041186058188137	0.0004230277057821068
0.237007	0.00016816093406755853	6.405412038575163e-05	0.00017994729807603707
0.237067	0.0001564879127583539	-0.000301648216349085	0.00033982365024531555
0.237127	-0.00017699893747451305	0.00028441987770854625	0.000334997448800511
0.237187	-0.00014953553184686972	-6.758742046830332e-05	0.00016410037992120987
0.237247	9.844259797976005e-05	-0.00021595691566890504	0.00023733591073040594
0.237307	-0.00013802298098192383	-0.0002530209366118733	0.0002882185588109935
0.237367	-0.0002152863295788119	0.00013965190680163006	0.0002566142216963978
0.237427	-0.00018022506542343086	0.0002830204366493903	0.00033553187891479324
0.237487	-2.3687460125851515e-05	-0.00017865715847071646	0.00018022063156044175
0.237547	-0.0003215534709790494	3.375801094422854e-06	0.00032157119076761757
0.237607	-9.030602810356156e-05	-0.000328477205568498	0.00034066472269656943
0.237667	-0.00011921668458931489	-4.0141009640802826e-05	0.00012579315776087036
0.237727	9.862673266039538e-05	-0.00013710540282989438	0.00016889382428144823
0.237787	-5.2472398631062975e-05	0.00028981560101362094	0.00029452747785051143
0.237847	6.492789386897196e-05	0.0001058490662728933	0.00012417590842471758
0.237907	1.294119660491484e-05	8.18663917817169e-05	8.288293354439516e-05
0.237967	-3.646530303623846e-05	-1.6641076357360483e-05	4.0082960816988105e-05
0.238027	-0.0004022130279505365	0.00014657244613059997	0.0004280873763822599
0.238087	0.00019384130634366153	0.0002934261457728982	0.0003516722267512112
0.238147	0.00047483025629317454	7.176120404728933e-05	0.0004802222846742522
0.238207	0.0001273708939362182	-0.0001955051143128849	0.00023333579739209657
0.238267	-0.0003494678702881462	-9.353183237127425e-05	0.0003617678758962171
0.238327	-0.00036877560057820783	-9.816409508003491e-06	0.000368906228569601
0.238387	-0.00013604325150767978	-0.00021193004035999636	0.00025183746402743874
0.238447	0.0006328463829407678	0.0005069576634887215	0.0008108641174519666
0.238507	-6.102843725576717e-05	-0.0002298244904854546	0.00023778933235277803
0.238567	-0.000106704938131759	-0.00039535739220979236	0.0004095038600509525
0.238627	-0.0002728877423669578	-8.862949310290368e-05	0.00028691968733743735
0.238687	0.00036527207403354257	-2.432924181302291e-05	0.0003660814118143153
0.238747	-8.215139105195958e-05	-0.0001739443359881628	0.00019236809266126971
0.238807	0.00019823815182520445	-0.0003853009360242334	0.00043330725373598726
0.238867	-0.0003873718878011542	9.770111628265445e-05	0.0003995028004676648
0.238927	0.0001265158746259462	0.0004524635094514923	0.00046981857553477895
0.238987	-4.801797366931295e-06	1.8670258327304625e-05	1.927785786754732e-05
0.239047	-0.00013905000123336965	0.0003968717962730217	0.0004205260105153722
0.239107	-0.00012670694398147592	-0.00013272032573949575	0.00018349205573409092
0.239167	-0.0004614984312027049	-2.0001907549627667e-05	0.000461931681429388
0.239227	-0.00019006542471818866	0.0002825305591948286	0.0003405119418643757
0.239287	-0.00011185758835278986	-0.0002577998021217004	0.00028102109893403035
0.239347	-3.297777940710428e-05	0.0005172030672356557	0.000518253361487018
0.239407	0.00035078593289723374	0.0004013405391375751	0.0005330337691683539
0.239467	4.270185456238759e-05	-1.9245386812643036e-05	4.683837418864532e-05
0.239527	0.00013181157031567355	-0.0002531938311725201	0.0002854494810170486
0.239587	-0.00021992404445774492	-0.00019579769728611662	0.00029445428098976237
0.239647	-0.0001213487460537791	1.925495968521723e-05	0.00012286688586150423
0.239707	4.869592106191202e-05	-6.191725377870101e-05	7.877207019981151e-05
0.239767	9.993390243730587e-05	2.5467618091997857e-05	0.00010312800021152754
0.239827	-0.00013738163496390253	0.00014005694423233192	0.0001961878213678247
0.239887	4.411294071327015e-05	-0.0001666298810497586	0.00017237015053955598
0.239947	-0.000126854400701744	6.622581671982518e-05	0.00014310100550871926
0.240007	0.0002486980768673672	6.158519694872587e-05	0.0002562098162068351
0.240067	-0.00014835874159598532	-0.0006172947425782758	0.000634872519032541
0.240127	-7.314684728018688e-05	0.00024109325085164648	0.00025194526562975127
0.240187	-0.00035790131705168925	-0.00014957269175548403	0.0003878986244707692
0.240247	0.00035406030347796347	0.00019995916792742057	0.000406623126908854
0.240307	-0.0002337224867860037	5.601373602863913e-06	0.00023378959817680625
0.240367	0.00033296511939418514	0.0002927274127568502	0.00044334536076573905
0.240427	-5.9198065039275206e-05	0.00012129454186518551	0.0001349695402328966
0.240487	-0.0003375833324309742	0.00024362650407856206	0.0004163128388901107
0.240547	0.00011886945329696457	0.00033933214138058885	0.0003595500648046878
0.240607	0.00043322528948924624	-9.103603452158747e-05	0.0004426869221407572
0.240667	-9.265539786665032e-05	0.00017450653079511289	0.00019757922978889494
0.240727	3.740316988893449e-05	0.00022075334159244093	0.00022389960907060423
0.240787	0.00028621300742393224	0.000259759818515457	0.0003865139699077318
0.240847	-0.00031576758197934417	0.0006019378254244702	0.0006797340005515553
0.240907	6.65015085013391e-05	4.971444969534045e-05	8.302997736639589e-05
0.240967	0.00010351654958659234	-1.2887719019544483e-05	0.00010431571952414535
0.241027	-0.00016399551239081162	-5.007156762168353e-05	0.0001714692099719879
0.241087	6.212486305444699e-05	0.00024882892770645764	0.0002564670229738695
0.241147	-0.00011271741700985587	-0.00020392490295587453	0.0002330033951317804
0.241207	0.00012371246948499238	0.00018006018764787178	0.00021846383289199603
0.241267	0.00017407170022833892	3.5186219652589504e-05	0.00017759230522132696
0.241327	0.00030468029520199695	0.00033252588478266095	0.00045100282297882294
0.241387	7.670858918165012e-05	5.9491534392477376e-06	7.693893735218133e-05
0.241447	-0.00032995475856335	0.00011327532210325902	0.00034885733659505527
0.241507	-0.00021153229735503473	0.00028236116011864763	0.00035280835813207063
0.241567	-3.9278638627860297e-05	-0.00018252640309144073	0.00018670484535211488
0.241627	0.00015508815325045497	-0.00022470358346863631	0.00027302753652751405
0.241687	-0.00024348524626490792	-8.764242662265392e-05	0.0002587783995873499
0.241747	-0.00013778126239204948	-0.00033714018875327184	0.0003642076099410041
0.241807	-0.0002306784294226218	-0.00011071978061778288	0.000255873811909186
0.241867	0.00028404920142041765	-0.0004040025802574095	0.0004938643879469561
0.241927	0.00013738519380221734	0.0001671987786939647	0.00021640268730500136
0.241987	0.00036366159553655734	0.00012021590015604493	0.0003830164731686129
0.242047	-0.00023709360602111346	0.00018603477494331423	0.00030136740949263997
0.242107	0.00013235439647281365	0.00011447861659376319	0.00017499439969011744
0.242167	0.00010235180338663246	-0.00013334631825074036	0.0001680985789574784
0.242227	1.3649437703913009e-07	5.356306366954208e-05	5.356323758308848e-05
0.242287	0.0003424604521599621	-0.00014451955232624208	0.00037170561241146616
0.242347	-0.00018881636805133912	-0.00024269015387636263	0.0003074900512742344
0.242407	0.00016164410399417862	-2.444865631543869e-05	0.00016348257751733447
0.242467	-2.18916694659715e-05	-2.8598441997869206e-05	3.601549772962798e-05
0.242527	-0.0003875276952782646	-0.00015839141445753472	0.0004186472916209324
0.242587	6.120475073758639e-05	7.528211418096639e-06	6.166599938382286e-05
0.242647	-9.061960174739194e-05	0.00013366343368262506	0.00016148630197228937
0.242707	0.00023092126923616294	3.8843795967492e-05	0.00023416548223597047
0.242767	-0.00039275929128225386	0.00047426459123676903	0.0006157814250117633
0.242827	-0.00010933531343088598	-1.411771828448592e-05	0.00011024300763581418
0.242887	-0.00010688819770159339	-0.0002825720138419312	0.00030211261114786235
0.242947	-0.00026064130384769493	-0.00019712166205962606	0.00032678867624900325
0.243007	-6.827971993927137e-05	-0.00014819705053481521	0.0001631701135079703
0.243067	2.7038964973972698e-05	-0.0002569700622426789	0.0002583886965714058
0.243127	-0.000237664527125992	0.0006131743856484838	0.0006576224256132215
0.243187	8.493375457414955e-05	3.462536078969176e-05	9.172054445912428e-05
0.243247	0.00011609528073419722	-3.7514004630330198e-06	0.00011615587464345533
0.243307	0.0003370815637280364	0.00016680689584633687	0.0003760964252784503
0.243367	0.00046685448787703895	6.21962654846801e-05	0.0004709792864778377
0.243427	1.5777086485796655e-05	0.00016059236823487123	0.00016136550186847493
0.243487	-0.000246285651758772	0.0002638406497468606	0.0003609272928459258
0.243547	-8.748576568759287e-05	0.00022210039065355739	0.00023870974577173677
0.243607	-3.64340687709229e-05	-0.00020876682425388773	0.00021192222223320042
0.243667	-0.0004131819975523367	0.00035060802659661204	0.0005418905345319382
0.243727	1.5701459255698267e-05	0.00015934745816942824	0.00016011916889559487
0.243787	-4.2828414565833624e-05	-0.0001788335841300122	0.0001838905215257411
0.243847	-6.582937731220977e-05	1.4186611357327002e-05	6.734067759621311e-05
0.243907	-0.0002470292899457099	-0.0003048960018077142	0.0003924092786994356
0.243967	0.00011296847590912577	-0.00025981744691530253	0.00028331428179817687
0.244027	0.0001023037631456428	7.083105111132002e-05	0.0001244310964160254
0.244087	0.0001554523714733754	-0.0001338269081685205	0.00020512211276856992
0.244147	1.5743011444224334e-05	-7.643721681614094e-08	1.5743197006360967e-05
0.244207	0.00031622173633012827	-0.00018695496992489853	0.0003673531642809966
0.244267	0.00028542737103742674	0.00027566379878168315	0.00039681143392811296
0.244327	0.00037278373264158635	0.0003663381928066155	0.000522657997959479
0.244387	-0.00011367194244048991	2.7464675677479746e-05	0.00011694280186596864
0.244447	-0.00013502999213243567	-7.334852699962614e-05	0.00015366556279238535
0.244507	1.8232555086827873e-06	0.0004006901651076788	0.0004006943132547165
0.244567	0.0001707858834101731	-0.00032811389165053937	0.00036990072163521815
0.244627	-5.1876994947813796e-05	0.0003055394239907266	0.0003099121846868892
0.244687	-2.234360956975692e-05	0.00017862360303659667	0.0001800156339054511
0.244747	0.00012198303603615598	-0.0004117556412179488	0.00042944448902669866
0.244807	-0.00019243722262257175	-1.9569169105985872e-05	0.00019342966946719398
0.244867	-0.00013470567776939496	0.00016415365499988395	0.0002123488687823248
0.244927	-0.0005227009775760649	-0.00030574675767707947	0.0006055554407228298
0.244987	-0.00023088610710400852	-0.00018532941785398178	0.0002960665255913601
0.245047	-0.00027199774518630557	0.00021096199952286222	0.00034422047967707926
0.245107	-4.359126366319999e-06	0.00015557675241252602	0.00015563780991104304
0.245167	-0.00022248568178526488	-0.0005791811475727459	0.0006204439380823516
0.245227	-6.518352710327035e-06	-0.00024085970145651267	0.0002409478879504376
0.245287	0.00011047110630581985	7.439922235648842e-05	0.00013318824878975606
0.245347	0.0003186254708704799	-0.00021095722004755503	0.0003821323584540147
0.245407	-0.0002456267616199192	-3.0336193623526475e-05	0.00024749301135073025
0.245467	-5.7830234399440145e-05	0.00032353656342036454	0.000328664333143336
0.245527	0.0004289882664153537	-0.0002857273049906215	0.0005154328525998844
0.245587	-0.00019346865968606632	0.00015361985111787688	0.000247040848723853
0.245647	-9.374179419710485e-06	7.986325425889854e-05	8.041153288312814e-05
0.245707	-0.00014923974014352938	-0.00017761686410196727	0.00023199191893582175
0.245767	-3.1900034428735934e-05	-0.0004024558068481386	0.0004037180806730617
0.245827	0.00028400264847044986	0.00022622579135168544	0.00036309174186550464
0.245887	-3.465466458660234e-05	0.00014412479194965755	0.00014823259234103
0.245947	-0.00023647037127595965	-0.00011611325220567096	0.0002634397916586785
0.246007	0.0002111266911000902	-0.0001172092562490883	0.0002414797909667336
0.246067	0.0003218919549956083	0.0001407797941350829	0.00035133087129885274
0.246127	0.00015711284136327104	-0.0002484894724066738	0.00029399228360313726
0.246187	0.000260739452662649	6.433451899332321e-05	0.00026855910431210494
0.246247	-0.00021433570743646218	-7.433387708815035e-05	0.00022685969400765082
0.246307	0.0002386162864694217	-8.014496996736108e-05	0.00025171600739628446
0.246367	-6.881587994776378e-05	9.672828752030498e-05	0.00011870967500417069
0.246427	0.00011806456969025634	0.00021919173999548826	0.0002489663862821548
0.246487	-0.00010372650501482047	3.989067451916994e-05	0.00011113259538130084
0.246547	1.0278851656493279e-05	-7.063076472757619e-05	7.137478348393371e-05
0.246607	-6.965828355154905e-05	-4.882239274946201e-05	8.506410818394989e-05
0.246667	0.00019683673652162416	-0.0004324906086233967	0.00047517662757328393
0.246727	0.00037320502011747305	5.105472722078278e-05	0.0003766809952897438
0.246787	-6.186451990155097e-05	8.489252827088144e-05	0.00010504265885282893
0.246847	-0.0001586410674751651	3.963289432742581e-05	0.00016351683278008043
0.246907	0.0002268025846079159	0.0001836346161111144	0.0002918237218238216
0.246967	-0.0003166302920528274	0.00031634824427894217	0.0004475834598193146
0.247027	0.0002648808529762194	-9.064245376978926e-05	0.0002799605699001521
0.247087	-0.0001716726283741002	0.00019278148943697692	0.00025813987294180484
0.247147	-4.29963803398126e-06	0.0004280823891949333	0.00042810398132470763
0.247207	0.00017115550791505277	0.00014117636743245915	0.00022186702010682977
0.247267	0.00016738578269766984	0.0001674915464897388	0.00023679404214387633
0.247327	-1.6141446473517073e-05	-0.00013380795373187326	0.00013477802037486881
0.247387	0.00028476104370534665	-4.0747842554764315e-05	0.0002876616739939928
0.247447	-2.414846199004828e-05	1.8176764607862488e-05	3.0224873665483682e-05
0.247507	-0.0001770345159547788	0.0003363501714079774	0.0003800955901421623
0.247567	0.00016609814041167122	0.00013239521962672883	0.00021240783043057762
0.247627	8.475587182513056e-05	-0.00020931119656152742	0.00022582013819599068
0.247687	-7.648388107160986e-05	-5.448304708274409e-05	9.390519944708423e-05
0.247747	0.00019756862956477625	0.0003113129791405964	0.0003687128074389296
0.247807	8.026810894726992e-05	2.847296582038097e-05	8.516853348848609e-05
0.247867	-0.0002490003811829475	-0.00014085473326820583	0.0002860790899616932
0.247927	3.2628445976936485e-05	-0.000168909460815253	0.00017203203608563537
0.247987	9.937221834677024e-05	-1.2346682280596627e-05	0.00010013629882563155
0.248047	0.00022331603292707677	-3.7657572472828916e-05	0.00022646885730014536
0.248107	-0.00020079645469281828	-0.00026587920695914894	0.0003331830861709984
0.248167	-6.908577427295853e-05	-7.100520831863292e-05	9.906858137303994e-05
0.248227	0.00014121111639769465	-0.0003673312083279478	0.00039353881130830474
0.248287	0.0003027800564837844	-0.00016859812748405456	0.0003465560433688225
0.248347	-7.389424456495495e-05	-2.9842500437910522e-05	7.9692748805723e-05
0.248407	0.00017993657881542209	2.59902054371209e-05	0.00018180391407904932
0.248467	-0.00016993426166075383	-2.9491122970442083e-05	0.00017247428683790314
0.248527	0.00032750570458445617	4.339583309751239e-05	0.00033036825644360603
0.248587	-0.00011503732769752533	0.00031585902682478093	0.000336155487223525
0.248647	-0.00013578039798921814	-0.000279226221014309	0.00031048928963821315
0.248707	-0.00014082169965758018	0.00019885198959042924	0.00024366547736296557
0.248767	-0.0003212753319071221	-0.00011359795395686838	0.00034076727254127304
0.248827	-0.00044855484608521934	3.507702370827288e-05	0.0004499242686705903
0.248887	-0.0002547799995126908	0.0003349800986015974	0.00042086163356954104
0.248947	0.0002892604911421488	-1.507058851960809e-05	0.00028965281696217716
0.249007	3.240079159283685e-05	-6.42852057520342e-05	7.198888090826123e-05
0.249067	-0.00010057423128668184	-0.00023565115741768883	0.0002562160104115341
0.249127	-0.00014702646948446885	-3.61560163426838e-05	0.000151406869879936
0.249187	-0.00015030427171559935	-0.00018338902269973164	0.0002371137021403854
0.249247	0.0006173855378084931	-8.235691135551125e-07	0.0006173860871133775
0.249307	-0.00022961364319782368	2.1708242840781138e-05	0.000230637535864854
0.249367	5.3954014072343285e-05	0.00026992416196853526	0.00027526367150231554
0.249427	0.00010481225418697073	8.761817764666948e-05	0.00013661095740048635
0.249487	0.00024870370620047567	-0.0001648539708502943	0.0002983795656256678
0.249547	-0.00018114668193088148	0.0004600733898736126	0.0004944508513941149
0.249607	0.00024073770469481995	0.00027612346639227156	0.0003663315590475577
0.249667	-7.200850129037288e-05	7.4249340966400595e-06	7.239028874389907e-05
0.249727	-0.0004681752406850045	-0.0001797097697165121	0.0005014814625906163
0.249787	2.328398738973782e-05	0.0003038164304337047	0.0003047073472534648
0.249847	5.3128940429525205e-05	0.00035421813692249353	0.0003581803635544618
0.249907	0.00015078074177522714	0.00018740145310568472	0.00024052886877963292
0.249967	0.00011044500096387205	0.00019623175887732301	0.00022517771077528419
0.250027	-0.0002495415700095616	0.00026294650452804907	0.0003625077370296478
