CPMG train data
Estimated phase correction: -2.056983 rad
time in s	real part	imag part	abs value
6.7e-05	0.01572339250444005	3.669870575054711e-05	0.01572343533213036
0.000127	0.01054887832224055	0.0003645564217103714	0.010555175756094583
0.000187	0.008476729676530494	0.00034166778043790113	0.00848361260791428
0.000247	0.007093105878164932	-9.589080503542467e-05	0.007093754016411075
0.000307	0.005244522335820338	0.0004390579616107657	0.005262868649754829
0.000367	0.004742631210394501	-7.255019425952982e-05	0.004743186094651474
0.000427	0.003187829894988067	-0.0004363297195688803	0.0032175523404536386
0.000487	0.003274672302556853	0.00010717525478173238	0.0032764256781392938
0.000547	0.0025594785857484367	-0.0002630603233512199	0.0025729615940830648
0.000607	0.00170116814940674	-4.3852405153095195e-05	0.0017017332652309715
0.000667	0.0015599256652477653	-0.0002069392127696307	0.0015735920433455417
0.000727	0.0014789706197138033	2.4895362043757588e-05	0.0014791801354222959
0.000787	0.0013510370320683716	7.476782276068976e-05	0.0013531043157644898
0.000847	0.0014205482802171398	-0.00026636000345854263	0.0014453044896734766
0.000907	0.0009643842140582523	-0.00020888998743766958	0.000986748164009674
0.000967	0.0008336965959972174	0.00015480785403495172	0.0008479478084459293
0.001027	0.0009399743060490784	0.0001253865705857457	0.0009483003153620169
0.001087	0.0007513274482117713	9.668127273613702e-05	0.0007575224108462344
0.001147	0.0006362363326552243	0.00040869246669740365	0.0007561919090586579
0.001207	0.00047040072175362436	-4.701717025921993e-05	0.0004727445962943577
0.001267	0.0005062164751713992	7.781031822214882e-05	0.0005121616593974874
0.001327	0.00021241345844483353	-0.0004032378659659454	0.00045576337487479704
0.001387	0.0003954437587500387	0.0004581737770901226	0.0006052263843781005
0.001447	0.0006966575695744426	0.0002846340053575513	0.000752561151170622
0.001507	0.0007348439263916425	0.00015796100157762158	0.0007516297454026758
0.001567	0.00017287926238147857	-9.778686611974041e-05	0.00019861900852406888
0.001627	0.00012166988137864753	-0.00023305760486850208	0.0002629057002458049
0.001687	0.00029312518410488583	9.69022615385881e-05	0.0003087270993091085
0.001747	-0.00021227045580297682	0.00014428861340155515	0.0002566670028736592
0.001807	0.0007472658515723952	-2.0297407472687318e-05	0.0007475414621787405
0.001867	0.0003204586659374724	-0.0002541469487336773	0.0004090041908404643
0.001927	0.00017969564766121335	-0.0001655250981008163	0.0002443134951034588
0.001987	8.357828099082499e-06	5.6370591501327116e-05	5.698681318290492e-05
0.002047	1.7548703771931698e-05	-1.1601749276790111e-05	2.1037052796352195e-05
0.002107	0.00010441463682784113	8.022721507176329e-05	0.0001316769623816593
0.002167	0.00017329268224068766	3.223026513338499e-05	0.00017626441418715303
0.002227	7.722145769095234e-05	0.00022403892612007882	0.00023697382544271355
0.002287	0.00036137769111272376	0.0001528817952204971	0.00039238588015345964
0.002347	0.00022853010109833672	-1.7249241452436723e-05	0.0002291801549844586
0.002407	0.00015717409440053144	-1.7008910245943734e-05	0.00015809174228397174
0.002467	0.00022159964961838887	-0.00032877724861914094	0.00039648566672777105
0.002527	0.00043121917663378875	2.0671720594235302e-05	0.0004317143712329355
0.002587	0.00022651187444325447	-2.549155118664391e-05	0.00022794176547025771
0.002647	0.0004958860371398084	-0.00011379914959448061	0.0005087761868234897
0.002707	9.658889084733456e-05	-0.0003228846011474778	0.00033702207567648166
0.002767	-5.911913015738316e-05	-6.184837768451461e-05	8.555871301493482e-05
0.002827	-0.00016126148430276721	5.976839712777878e-05	0.0001719811838974122
0.002887	0.0001765730120495244	0.00013639312916594585	0.00022311681753718135
0.002947	0.00029829573581475344	9.96837549089244e-05	0.00031451104431801384
0.003007	0.0002829561142893472	8.514401469384608e-05	0.0002954888590994794
0.003067	0.00022523527280607703	-4.745489281053623e-05	0.00023018013591030704
0.003127	0.00028783107841660904	0.0003072404860815787	0.00042100290496635876
0.003187	0.00018864282616574087	2.1492173420278412e-06	0.00018865506883988356
0.003247	0.00011810054166375397	-0.00010586572465239952	0.0001586041916137457
0.003307	7.817697960574234e-05	0.00027627134704415483	0.00028711930854240453
0.003367	0.00026105840259260335	0.0001567416136079018	0.00030449864203409933
0.003427	-1.992774056898416e-06	4.408861395505126e-06	4.838306237375098e-06
0.003487	0.0004799250697065412	6.518365649343304e-05	0.000484331479058178
0.003547	0.0002768228992279207	6.078328590740148e-05	0.00028341758128713973
0.003607	0.00044284012660228205	7.012451079591005e-05	0.0004483579203532496
0.003667	0.0001523332825190791	0.0001388799357683016	0.00020613846201532877
0.003727	-0.00014056943088578382	-0.00027404041090546555	0.00030799011625178745
0.003787	-8.843138279696555e-06	-0.00018396569066188412	0.00018417811063027516
0.003847	3.0436672400372097e-06	-7.086229841086003e-06	7.712234671531558e-06
0.003907	7.132480673534966e-05	-0.0005531235383941023	0.0005577032156814652
0.003967	-0.00013304055482840738	2.862110680235176e-05	0.0001360843745021525
0.004027	0.00020534876963888526	-0.0001503080759312678	0.0002544811090874207
0.004087	6.317612591056337e-05	0.00014462017496614073	0.00015781703929647304
0.004147	0.0003158649205277577	-0.00011497318746464663	0.0003361390811193894
0.004207	-4.2008697493300254e-05	-0.00011770170536171789	0.00012497368567078535
0.004267	0.00010326734531282332	7.250740249955997e-05	0.00012618029967150613
0.004327	9.373151674566094e-05	0.0001458915649061306	0.00017340687974299587
0.004387	0.00041191890378867015	-0.00020541975094744654	0.00046029822656379056
0.004447	-0.00025748413426646534	-0.00016876705762310616	0.0003078642544007212
0.004507	-6.284235056314394e-05	-0.00017211665893363874	0.00018323019758429449
0.004567	0.00013380706091563986	-0.00039324744128024883	0.00041538882944097634
0.004627	0.00033017417456900105	0.00021690295373984252	0.00039504667685400093
0.004687	0.0003362959277799603	0.00012461371465891718	0.00035864122591034944
0.004747	0.00016371198258596114	0.00019480770147055815	0.0002544634625923104
0.004807	-0.00014839533159759425	0.00014695434104181803	0.00020884624198437213
0.004867	-5.96465528023332e-05	7.087275692156629e-05	9.263184622399008e-05
0.004927	0.00034226249523609353	-0.0003266980665062928	0.00047315456491952716
0.004987	-0.0002165813256754986	0.00013284133792034408	0.000254075366164891
0.005047	3.577705815135295e-05	-9.0233965236825e-05	9.706784417264984e-05
0.005107	2.598975424846948e-05	-0.00017456727002103985	0.00017649135697958264
0.005167	0.00024089386990706817	-4.5773324803060164e-05	0.0002452041064548674
0.005227	0.00019263204580250757	-8.68031598264815e-05	0.00021128628357259985
0.005287	0.00040966475839112547	-0.00010406649893393283	0.0004226760585460518
0.005347	0.00045743230935098777	-8.49289373753632e-05	0.0004652496556064133
0.005407	0.0005772334461495676	-0.00023742818184668417	0.0006241559043129592
0.005467	1.4233687669607263e-05	-0.00018624105909750323	0.0001867841801610501
0.005527	0.00029432465365446784	0.00016686163198331076	0.00033833386761741174
0.005587	-0.00011765940747707983	-0.0001350654963287413	0.00017912683904537237
0.005647	-0.00024731373316232077	-0.0006048795646934912	0.0006534855548475965
0.005707	0.0001359305572677341	-3.62979623262552e-05	0.00014069349120750038
0.005767	0.000932120416032439	0.00013417137725827381	0.0009417273641876768
0.005827	0.00045376663870492855	0.00032582123841859857	0.0005586265674009771
0.005887	0.00018809223116121314	-0.00034197444997634773	0.0003902886263521252
0.005947	0.00016146970226215557	0.00024209324748565588	0.00029100103990669897
0.006007	-1.585424670187334e-06	-6.979565243658527e-05	6.98136567616498e-05
0.006067	0.0001268800675707351	-0.0002470314672185019	0.0002777104559480613
0.006127	-0.00020723258546744792	0.0001303058930991638	0.0002447957725449804
0.006187	-5.9693141742444184e-05	0.0001477354903152312	0.00015933940589121483
0.006247	0.00012909784452262206	0.00022400368448716526	0.00025854188079344625
0.006307	0.0003324939097867022	7.668627264674774e-05	0.00034122277833945817
0.006367	8.477842212004045e-05	0.00022530046847071112	0.00024072324763156063
0.006427	-0.00010220019040659537	0.00031359294050564945	0.00032982633499180163
0.006487	-9.930364255066182e-05	7.672457656264896e-05	0.00012549053379656727
0.006547	-0.00019415054625915003	3.502711451823931e-05	0.0001972849040453937
0.006607	0.00042199894191402023	0.00031218309977221225	0.0005249203699228481
0.006667	2.4009905026429917e-05	0.00033997403035325105	0.0003408207987403519
0.006727	-5.8943283520878176e-05	0.0002669421584511871	0.00027337232235689354
0.006787	0.00010758258400003202	4.8071758748576265e-05	0.00011783423258673714
0.006847	0.00027634033113793573	-0.00014097728179377161	0.00031022342367297874
0.006907	0.00019881545846463182	-0.00021289470615058536	0.00029129322414269413
0.006967	2.103315821940333e-05	-0.0001063600788455091	0.00010841983267237303
0.007027	9.407000631291541e-05	0.00013494868024453875	0.0001645001896274126
0.007087	-0.00015315129878729625	0.00020737889413757104	0.00025780094269408244
0.007147	1.4750720252617265e-06	0.0004156710816103801	0.0004156736988608047
0.007207	-1.7070201128564152e-05	0.0002277027427687264	0.0002283416975301936
0.007267	0.00011388891551689407	3.762921774449919e-05	0.00011994433336209413
0.007327	0.0001394283690131268	-0.0003273825574086151	0.0003558364919187826
0.007387	0.00030931337017052734	-0.00024477880988685134	0.00039445079127297105
0.007447	5.7741742322527274e-05	0.00012048428308733314	0.00013360603009411577
0.007507	0.00036197787323861654	4.550665732199166e-05	0.00036482713245449976
0.007567	0.0003763552022038258	0.0001565734240361581	0.0004076254105674586
0.007627	-2.4434929066591973e-06	-4.0075424109842716e-05	4.014984776021768e-05
0.007687	0.0005230883657647129	-6.770648105929012e-05	0.0005274519940011887
0.007747	-0.00014999473461553854	0.0003011338675099923	0.00033642239309224263
0.007807	-0.00013704773381323175	0.00031912318076449364	0.000347306328540944
0.007867	0.0003189240834891298	4.5915517514471784e-05	0.0003222123613054024
0.007927	0.00032468543732615187	0.00019139197035043776	0.00037689722674264577
0.007987	-7.822914587662591e-05	-0.00014882575147063366	0.00016813358845092563
0.008047	-0.00020462201958782578	0.00028939048419428487	0.0003544249190483129
0.008107	-0.00016899031706391242	4.80445019520082e-05	0.00017568722614116875
0.008167	-7.52181571826145e-06	-0.00026273286428057886	0.00026284051378122164
0.008227	-0.00039911629794980527	-0.0002487583680036634	0.00047029197839321455
0.008287	0.00011971481872490535	0.0003891773800604805	0.0004071740057678985
0.008347	0.00023149170356680124	0.0002459031571913935	0.0003377229212489951
0.008407	-5.184593819258986e-06	-0.0004758877210202043	0.000475915962151801
0.008467	8.257757762165802e-05	-0.00019353699703415208	0.00021041774057065234
0.008527	0.00027822942606125156	-0.00023492258357618248	0.0003641431501490614
0.008587	7.76501695041885e-05	0.0001263197806717586	0.000148277563417364
0.008647	0.00029288057243736696	0.00027466144438596075	0.0004015195371876965
0.008707	4.8365961703329855e-05	0.00013822739114134185	0.00014644479476317852
0.008767	7.282767267461444e-05	-0.00010490986115909025	0.0001277104102084884
0.008827	-4.560391781015035e-05	-0.00019740512751735323	0.00020260429830035057
0.008887	7.104197266908617e-05	0.00017220975399709506	0.00018628784515489782
0.008947	-6.397379166663374e-05	-0.00014745956180480636	0.00016073882041333813
0.009007	7.249020607327653e-05	-0.0002658426304989577	0.000275548787272148
0.009067	0.00011141594604121501	7.704247823751815e-06	0.0001116819970576669
0.009127	-0.00014476526219561346	-0.00038010160874722503	0.0004067360496818462
0.009187	-0.00018482669133110485	9.793607074363032e-05	0.00020917069532108189
0.009247	-9.751223109538617e-05	0.00016392007065079854	0.00019073128945027028
0.009307	-0.00016581778775294216	-6.805359425351225e-05	0.00017923958944971238
0.009367	0.00018660600600687997	-0.0003179374983532284	0.0003686543833144383
0.009427	5.1392100875845246e-05	1.1914194893063095e-05	5.2755057315701446e-05
0.009487	-9.546728996283147e-05	0.0003411621286598637	0.0003542676974895915
0.009547	0.00016147005756734798	-0.00012106301583915668	0.00020181385803476077
0.009607	-0.00018343702307638905	-0.00034432689026263076	0.0003901411908438552
0.009667	-0.00018019686299156485	-0.0003308499626222786	0.00037673944205400626
0.009727	9.421967827688618e-05	0.00013278800685232906	0.00016281892561497305
0.009787	-0.00018806728660250994	-0.00015691856007649034	0.0002449341519398831
0.009847	0.0002158463625547235	-0.0004652001894885452	0.0005128361029883558
0.009907	0.000608547354071113	0.00017251344009992976	0.0006325272872865365
0.009967	0.0002855195398583877	2.5737908646462516e-05	0.0002866772533397777
0.010027	0.0003114022922515883	-0.00014141313293225346	0.0003420074001907836
0.010087	2.8837426948998096e-05	9.383359128007377e-05	9.816486156234693e-05
0.010147	0.00017728487935230545	-0.0003014002101211148	0.0003496741556192188
0.010207	0.0004492489871107694	0.0001264931554943257	0.00046671744214992
0.010267	0.00010312854509473098	4.304822049012244e-05	0.00011175261115840722
0.010327	0.0001235227847919138	-0.0003019456581243135	0.00032623466833381495
0.010387	6.667763263272576e-05	0.00012481645003651557	0.00014150990386973882
0.010447	0.000193879138572628	1.0293874587530725e-05	0.0001941522192190656
0.010507	-0.00021487622455421373	-0.0002533394128430126	0.00033219369346559733
0.010567	3.064609742373795e-05	-0.00021263441706299396	0.00021483151213689414
0.010627	-0.00014659756899562234	-0.00019643939652332906	0.00024511075811125865
0.010687	-0.00023997698289140567	-0.0002459822925254883	0.000343651335736902
0.010747	-8.381207709401775e-05	0.0004177394190569361	0.00042606418119907715
0.010807	-0.00010519638065240169	-6.014725338129883e-05	0.00012117743433362153
0.010867	-0.0002129844098154703	-0.00020600775195752947	0.0002963132678282213
0.010927	0.0005035109947527002	3.0585244017419314e-05	0.0005044390736139091
0.010987	0.0001612667747767898	-1.3698044162570956e-06	0.00016127259225003684
0.011047	-0.00012451559100842076	-0.00019343196509986394	0.00023004359918626577
0.011107	-0.000266136662768417	5.089815373179066e-05	0.00027096004377548936
0.011167	-1.0165243931877256e-05	0.0004311457863954714	0.00043126560413597097
0.011227	-0.0001368790001917706	5.9769901567518086e-05	0.00014935963921652173
0.011287	-0.00025143985197737125	-0.00018514891134995326	0.0003122532922748377
0.011347	1.7791269823760035e-05	2.356348731658859e-05	2.952570433471259e-05
0.011407	7.016664009884289e-05	9.776741787879935e-05	0.00012034045612946763
0.011467	0.00017129290804836263	8.328398160620513e-05	0.00019046648508293403
0.011527	-0.0001580801604693153	0.0001081669008122729	0.00019154481346498673
0.011587	0.00010115198192161605	9.619408340965198e-06	0.00010160834839471199
0.011647	-9.738895629473003e-05	-5.030453129498439e-06	9.751878930167724e-05
0.011707	0.00017493953002708796	-9.768147593423125e-05	0.0002003634445371416
0.011767	0.0001250746188486264	-6.900950292287521e-05	0.00014284947243091762
0.011827	0.00014987889343728747	0.00017753072395196233	0.00023233777274669229
0.011887	0.00019505771196445538	-0.0002489577890838798	0.00031627123129102655
0.011947	8.276474137891221e-06	0.00010525483682830407	0.00010557973621821612
0.012007	4.9741039248238025e-05	-9.066282228132659e-05	0.00010341140328566364
0.012067	-4.6369879424234704e-05	-0.00011001536806160476	0.00011938821938344013
0.012127	-0.0004889839246931091	5.690995551335082e-05	0.0004922844925902174
0.012187	-0.00023811493823802548	-0.0002446393429289536	0.00034138999973755657
0.012247	-4.4362393664885324e-05	-0.000390548802378213	0.0003930602867382238
0.012307	0.0006039660832624536	4.4685123701644546e-05	0.0006056168673440497
0.012367	-0.0003234162097297661	0.0003271073536631915	0.0004599970277474674
0.012427	-4.207011900969501e-05	0.00018242502078100764	0.00018721320231340782
0.012487	-8.074237391279639e-05	5.8001988576616823e-05	9.941610344363639e-05
0.012547	-0.000549070718766007	0.00018834551420716957	0.0005804762587119155
0.012607	-0.00010088331827448606	0.00023563595794858885	0.0002563235232756065
0.012667	0.00013998092879422935	9.74894026041395e-06	0.00014031999950932236
0.012727	-0.00015620843612060363	-0.000287490041123049	0.00032718740694008547
0.012787	1.2342321139557544e-05	6.287045253822884e-05	6.407048223225462e-05
0.012847	-0.00032898842083638554	5.145188411293856e-05	0.00033298750340394155
0.012907	2.4284410584956774e-05	0.00025481856986264673	0.0002559731160577285
0.012967	-0.00014387899683201147	0.00013846532311811375	0.0001996842793902154
0.013027	0.00018936388430151546	-0.0002077817807255626	0.00028112621556739155
0.013087	-0.0002421618031491515	-0.0001681356697283337	0.00029480831456972804
0.013147	0.00019746328611840869	-0.00016222875292360876	0.00025555805140873536
0.013207	0.0002827858987432224	-1.9726144007267652e-05	0.0002834730768263672
0.013267	-0.00013152441811532236	0.00019127495434736756	0.00023213095597347994
0.013327	2.7088720471805973e-05	0.000601347861887793	0.000601957681048942
0.013387	-0.00017825671063514693	-0.0002451754596518319	0.00030312779632021467
0.013447	-0.00033387996693542575	-8.004907325013792e-05	0.00034334193808651883
0.013507	0.00032809111258544365	0.00032547753449768544	0.00046214651748146526
0.013567	-4.572705965715017e-05	8.326424131885927e-05	9.499419912444024e-05
0.013627	9.932193920765698e-05	7.638760751228015e-06	9.961525121076596e-05
0.013687	-0.00010832927542132396	-0.00015284905956276684	0.00018734478087881526
0.013747	0.00012070491846417452	-0.00047696838147969845	0.0004920045876542272
0.013807	8.541263804864501e-05	-4.5555047902004784e-05	9.680176200763493e-05
0.013867	-9.165317482031903e-05	0.00010733729854385091	0.00014114389860470675
0.013927	0.00026876607812186215	0.0001173603924576499	0.00029327234180334926
0.013987	-0.00023391558499256493	-4.816333251381148e-05	0.00023882254395523434
0.014047	0.0002559438970380618	0.00025860211855240555	0.00036384383209121796
0.014107	-0.00012549025556706086	1.2576082775089608e-05	0.0001261188411786762
0.014167	-0.00015547101874148185	-0.00017655895052318192	0.0002352536942926967
0.014227	0.00018417434329878957	-0.0003318533487772092	0.0003795350231851976
0.014287	-0.00015486100166344974	-0.00040440984092429195	0.00043304647472600224
0.014347	1.4222469946606788e-05	-0.00019719942465142688	0.00019771163783206065
0.014407	-7.40318573445823e-05	-0.00037307343964106105	0.0003803478766438706
0.014467	-8.430613244947964e-05	-7.811189724679724e-05	0.00011493038092725271
0.014527	0.0002838016031795306	-0.00019728820645518433	0.0003456385198058445
0.014587	-0.0001734586019948608	-4.008112493045657e-06	0.00017350490359574404
0.014647	0.0002436099823942475	3.6188635302793066e-05	0.0002462832532820779
0.014707	2.8889712477896926e-05	0.0001304879681275971	0.00013364776583663622
0.014767	0.0001078592456878116	0.00011509006215179537	0.00015773185881884429
0.014827	3.585139242314571e-05	-0.00014781227223323697	0.00015209796238421785
0.014887	0.00017863758137777762	-0.00025473232991886423	0.0003111268959546815
0.014947	0.0001052817766858267	0.00014826535364088135	0.00018184297509769216
0.015007	-9.813665874442878e-05	4.556350772777363e-06	9.82423743701518e-05
0.015067	3.8882522652920656e-05	-0.00026531657795392433	0.00026815058662071895
0.015127	1.1016980451883856e-05	5.215996655911077e-05	5.331074910114043e-05
0.015187	-2.6970700564089264e-05	1.8617500493644157e-06	2.7034881212316678e-05
0.015247	5.548396974885387e-05	0.00010994342565138584	0.0001231504272954566
0.015307	-6.823115160629152e-05	-0.00016216571507938912	0.00017593524148598074
0.015367	0.00012387928200135486	9.894543391855039e-06	0.00012427380455310968
0.015427	-0.00040138528237393156	-2.2891507283083387e-06	0.00040139180997805334
0.015487	9.031380076180153e-06	0.0004190547091093859	0.0004191520190251175
0.015547	-0.00022781763672052353	-0.0001177693604380283	0.00025645759466022186
0.015607	0.00034651320728733596	4.522388937091773e-05	0.0003494518607682455
0.015667	4.137381032650331e-05	3.645087466253936e-05	5.514035223497966e-05
0.015727	1.0042350766190653e-05	0.00010380798199807284	0.00010429259770196265
0.015787	-0.0002793675581381212	-0.00021858450112518388	0.0003547187853387554
0.015847	-0.0002966204852933643	-0.00011653734438316834	0.00031869211620551914
0.015907	0.0001530055861293353	-0.0001864684006691387	0.00024120773999788625
0.015967	-0.00028609913745577674	4.9038550707979504e-05	0.00029027141765678295
0.016027	-2.3366966078885285e-05	-0.00020249423675898593	0.0002038380019141083
0.016087	0.00016065599611160558	-0.0001564426426427516	0.00022424239011315392
0.016147	-0.00012833527964485364	0.00011867518797699314	0.0001747962935616698
0.016207	0.00021123477677784282	0.0002505245572233754	0.00032769297321174495
0.016267	4.971616387713511e-06	-0.0001304836627499739	0.00013057834129041274
0.016327	3.157314248162148e-05	-0.00016858457698982983	0.00017151566378906805
0.016387	0.00028049631579695334	-0.00034974183313755107	0.0004483274841252528
0.016447	-8.58313955841722e-06	0.0002892511071526171	0.00028937842572260644
0.016507	-9.893531651188227e-05	6.940770480050742e-05	0.00012085373944971957
0.016567	2.942785565183548e-05	2.7936508291253175e-05	4.0576436311885776e-05
0.016627	0.00028810221459015856	8.102803419714354e-05	0.00029927984960168507
0.016687	0.00017964677874810977	1.876337358259411e-05	0.0001806239997972924
0.016747	-0.00011320010958609031	0.00039095096084862515	0.00040700972789205675
0.016807	-8.432202583060597e-05	-0.00016869213273501966	0.00018859278800332444
0.016867	0.0005664440909082099	-0.0003231103979786806	0.000652119036224806
0.016927	0.00018819611435651312	-0.00010172365321469588	0.0002139286775592124
0.016987	-0.000312744230411789	-0.00021148700546696532	0.0003775390140598007
0.017047	0.00013788314316449422	0.00018588188462724292	0.0002314386229683716
0.017107	-0.00019479230510302238	-0.0004060605459270814	0.00045036563932647917
0.017167	-0.0001236803983600874	-0.00012856358802486502	0.0001783968528431405
0.017227	-0.0001486659220280536	0.00010717711007629662	0.0001832716270914784
0.017287	-0.00022494968393571053	-0.00012251056565171795	0.00025614683093702325
0.017347	0.00016896581993607794	-0.0002226116788328201	0.0002794734475034037
0.017407	1.0113660087068771e-05	-0.00015036903966973752	0.00015070877284204746
0.017467	0.00026209697339676355	-3.090448462286412e-05	0.0002639126950973534
0.017527	0.00024715090096683506	-0.0002647350885419307	0.00036217155458984106
0.017587	2.0031683753263615e-05	0.00016699945867582912	0.00016819657413874614
0.017647	3.7659656817287496e-05	0.00013692668567298518	0.00014201115097408495
0.017707	0.0005035326609489923	-3.1228343838929205e-05	0.0005045000992084097
0.017767	0.0004912329752100823	2.7579884038798574e-05	0.0004920065913555863
0.017827	0.00011519806192251047	-0.0002785642916312048	0.00030144428679724133
0.017887	-3.782658155349072e-05	2.6431309218012982e-05	4.614611986940074e-05
0.017947	1.2811107393098791e-05	0.00011078392728306663	0.0001115222086263418
0.018007	-0.00018061610491064162	0.00014030748817374855	0.00022871022843484393
0.018067	-0.0002232166936370833	0.00018706344353389256	0.0002912360283773787
0.018127	0.00039268637670361557	8.090360706852107e-05	0.00040093388991866417
0.018187	8.10347274891185e-05	3.946751530058845e-05	9.013496448791602e-05
0.018247	0.0001145052436874741	-0.00026487531936519155	0.0002885660853959454
0.018307	2.5654463643429593e-05	-6.44703122104633e-05	6.938712172548063e-05
0.018367	6.24322480639325e-05	-0.0003181985182986551	0.00032426545089752614
0.018427	0.00011969731006681825	0.00013478676347945792	0.00018026346730965585
0.018487	1.9838349986287343e-05	-2.6620038949686127e-06	2.0016153349613782e-05
0.018547	0.00015176352906616565	-0.0003715716521805997	0.00040136973161766624
0.018607	-0.0002814022912914825	0.0003470310732542667	0.0004467860957416923
0.018667	0.0001519037928765735	0.0003159300660958071	0.00035055180637616175
0.018727	0.0002960464248776671	0.00014581602260728725	0.0003300087849313365
0.018787	-0.0002261516230000792	6.0994047264543895e-05	0.00023423242812915413
0.018847	-0.00011519358790950525	0.00021338392207445047	0.00024249177490244915
0.018907	-4.7378580763571565e-05	2.2996874345747715e-05	5.2664847335242345e-05
0.018967	4.063021024758056e-05	-3.430159219007512e-05	5.317342580215067e-05
0.019027	0.00026785297943112784	-3.894509051258155e-05	0.00027066942691254467
0.019087	-0.0001602916304829485	-2.223828165507505e-05	0.0001618269074469773
0.019147	0.0001193695873325969	0.00010767018357794254	0.0001607543679396063
0.019207	-0.00016689533268820378	1.2217290901960406e-05	0.00016734190828985232
0.019267	0.0001948285699891209	-0.0006113022759041564	0.0006415985070194655
0.019327	0.00014673661435880242	0.00047356442075931627	0.0004957770613921046
0.019387	0.0002477109131133249	-0.0001377248800196954	0.0002834234271401655
0.019447	-1.4104411267039442e-05	0.0005558366710186423	0.0005560155926467137
0.019507	-4.87164694687337e-05	0.00035919079696251736	0.00036247941047743175
0.019567	-0.0002624711024793113	0.00020643363366665323	0.00033392502862996526
0.019627	0.0005092642312200819	2.7651002759943055e-05	0.000510014347988183
0.019687	-9.605467591628503e-05	1.3482612282343794e-05	9.699629683311912e-05
0.019747	-0.00015990994701945048	4.2396187250382136e-05	0.00016543466338447008
0.019807	0.0001810123075959218	-0.00019711484878729107	0.00026761860756239884
0.019867	0.00013526001349572852	0.0004178956105085757	0.00043924026743139097
0.019927	0.0001290456434896449	-9.764537236851268e-06	0.00012941454435690905
0.019987	-9.62334448043119e-05	0.0004540006909138448	0.0004640878184666701
0.020047	-0.00043147183903340217	-6.0982844753592984e-05	0.0004357600890778169
0.020107	-0.00012262149534595482	8.289167330227112e-05	0.00014801033958385633
0.020167	0.0001569447090148029	0.00029061396582441654	0.0003302849055284487
0.020227	-0.00017772279589017912	-8.937499593119589e-05	0.00019893034478611743
0.020287	-0.0002653805164487224	0.00011586751715306491	0.00028957227084409583
0.020347	3.081568600938416e-05	-4.186927198459884e-05	5.198694490686357e-05
0.020407	-1.6464467853145382e-05	-0.000276967192481719	0.00027745613060967464
0.020467	0.0004964625339501838	-0.0001168401745034042	0.000510026150304299
0.020527	-0.00016248188663847517	-0.00017579057704038834	0.00023937980378843784
0.020587	-6.464847611631732e-06	0.0004971486968927076	0.0004971907290736211
0.020647	-3.565275006216376e-05	0.00018942457133651192	0.00019275058187465067
0.020707	0.0003330270266109971	0.0002142174567781507	0.00039597489723701
0.020767	-6.61873397762642e-05	-9.297089484816859e-05	0.00011412427978098204
0.020827	-0.0001285521346520289	-0.00039264175813636195	0.0004131503377174061
0.020887	-0.00031031383023479486	0.00035741620523773777	0.0004733297127812005
0.020947	-2.188609470168699e-05	0.00014801674083418577	0.0001496260562484547
0.021007	-0.00023864241998347542	-0.0004321664252853979	0.0004936780567936243
0.021067	3.610465569161791e-05	0.00044067299072681826	0.00044214955718481583
0.021127	6.513771298894567e-06	-7.061575397653241e-05	7.091554079472607e-05
0.021187	-0.00022007537511974237	-0.00019765932536306794	0.0002958080114484367
0.021247	-0.00021851047550158789	-9.788821264871379e-05	0.00023943460501667224
0.021307	9.345947057308374e-05	-0.0002235533569511168	0.00024230306651776935
0.021367	-3.7702632515002396e-05	-9.453234570502753e-05	0.00010177353724351018
0.021427	-7.14739491788253e-05	0.00030186708214161235	0.00031021325034870487
0.021487	-0.0001010903686681319	-0.00013324112482051678	0.00016724969351510142
0.021547	-0.0003034139957915159	-8.057711174105232e-05	0.00031393108125622743
0.021607	5.817825206949981e-05	0.0003640968356076743	0.00036871562851794617
0.021667	0.00014870668493526987	-0.00011562240651473915	0.00018836724511628132
0.021727	-4.4193298710142655e-07	4.879201014424313e-05	4.879401150429233e-05
0.021787	-0.00021857625452165636	-0.00022741782876448393	0.0003154274050881883
0.021847	-0.00034133804217601236	-0.000255567475136383	0.0004264110615170987
0.021907	-0.0005540920609984359	-1.9103790436883207e-05	0.0005544212900588782
0.021967	-0.00025138657884898473	-3.9682503495245636e-05	0.00025449933813086233
0.022027	5.882573562504084e-05	-9.308341903754077e-05	0.00011011353264492791
0.022087	0.0004737338932928007	0.00032684498217270625	0.0005755444761491777
0.022147	7.183945079226045e-05	0.000293078759209998	0.0003017549764133238
0.022207	0.0004273886670473296	7.295480676416366e-05	0.00043357061310758785
0.022267	8.106935925768589e-05	5.245850795483731e-05	9.656156620156629e-05
0.022327	0.0001123759621956645	0.00021112530705499964	0.00023916992318949576
0.022387	5.80509830309173e-05	0.00010250605645608514	0.00011780241186424819
0.022447	0.00023718594942833616	2.092956295745664e-05	0.0002381075832723758
0.022507	2.2576953267383604e-05	0.00033027268329491435	0.0003310434475256389
0.022567	-0.00014856071026359463	-0.00020156862016279146	0.0002504000664304133
0.022627	0.00017114655469574615	8.264522827584986e-05	0.0001900562467823443
0.022687	0.00018348049233482563	1.6165681707811557e-05	0.0001841912601957766
0.022747	1.8507566635316522e-05	0.0001941963939358279	0.00019507631696451505
0.022807	-0.00016710363939851627	0.00015186471841221268	0.0002258019464013763
0.022867	0.0001959761810527019	-3.370862843809366e-05	0.00019885405495281925
0.022927	0.00012579419653189946	-5.2826150472963244e-05	0.0001364359998493737
0.022987	0.00020302182564138502	0.00011519464339697134	0.0002334259359071231
0.023047	-4.0830623188425865e-05	-3.560135134010011e-05	5.417191160736778e-05
0.023107	-0.000182105277734654	0.0002957905801597322	0.00034735342158966336
0.023167	-0.0002932882893181644	0.00024750779657972536	0.0003837683285771847
0.023227	-5.727362870700003e-05	-2.0138344561227765e-05	6.0710966611758286e-05
0.023287	-1.4267897282147133e-05	1.935178893275241e-05	2.404297460281694e-05
0.023347	-0.00020395032678326833	-0.00017448088409527125	0.0002684014059383248
0.023407	-3.346032604387733e-05	0.00023045530612812894	0.00023287172765617598
0.023467	-0.0001819169072079886	3.370777987588816e-05	0.00018501344694989405
0.023527	0.00013285214939777554	0.00020191793580767535	0.0002417034265384779
0.023587	-6.805894962517243e-05	0.0003197352020103849	0.0003268984858158621
0.023647	3.004350961965599e-07	-3.356670288129196e-05	3.356804736007086e-05
0.023707	-0.0003358673201656443	8.646480226623781e-05	0.0003468184233661629
0.023767	-0.00011411918961083933	6.667553045864287e-05	0.00013216964779924365
0.023827	0.0002613375763196042	-0.00018308421093346283	0.00031908800837658196
0.023887	-0.00032950757689418844	9.621781094632389e-05	0.0003432682775526775
0.023947	0.00016440690963165396	6.520345744607129e-05	0.00017686470195477802
0.024007	0.0002466275908192744	-8.534957845558649e-05	0.000260978388177768
0.024067	-0.0005233094243915496	-0.00019824507316573454	0.0005596015213448784
0.024127	-0.00023519756195578513	0.00022277147214051099	0.000323952190839321
0.024187	6.317897112149176e-06	-0.00020491391022008383	0.0002050112836543498
0.024247	1.1660875711358957e-05	-0.00014695742983985617	0.0001474193413616138
0.024307	0.0002107719429297511	0.00019726122519993127	0.00028868114398720307
0.024367	-8.226315902308808e-05	0.00018650065226755071	0.00020383748582799912
0.024427	-4.9106754527098205e-05	-0.0001849466659051449	0.0001913550171007125
0.024487	0.00014214988319337542	0.00015310293892944606	0.0002089188818673984
0.024547	0.0003889870432057403	-0.0002889703043736768	0.00048457688408730344
0.024607	-0.00012497633102296165	2.2376464168925156e-05	0.00012696373287149397
0.024667	0.0005213776203731054	7.502640077153931e-05	0.00052674812181787
0.024727	-0.00012512290719271177	-0.0001412968059019449	0.00018873401723708383
0.024787	5.583951113541208e-05	-5.931715049848875e-06	5.615368418255754e-05
0.024847	0.0001150742878956571	-7.897549939878357e-05	0.00013956798071183748
0.024907	0.00017413156983162346	-0.00027794597141783786	0.00032798744890533707
0.024967	-1.911512724677667e-05	0.00011745520041587292	0.00011900047140408031
0.025027	-7.205331218124896e-05	-0.000254873395039785	0.00026486246864249155
0.025087	0.0002801185253583678	-0.0001991561439807844	0.0003436998078763523
0.025147	0.0002901780658429302	0.0002400176257774392	0.00037657903629939734
0.025207	6.389931168374863e-05	-0.00021508390488402128	0.00022437515052655803
0.025267	0.00023128360174827733	0.00021571718055747368	0.00031626888311264744
0.025327	0.00023462086249594825	-0.00024282809726527542	0.0003376572728963745
0.025387	0.0003496480556956615	-0.00014044328947185946	0.0003767997882290181
0.025447	0.00028652015004035	0.00027693069742756003	0.00039847761236593894
0.025507	9.342718100408357e-05	0.00014916201198261498	0.00017600552255276415
0.025567	-0.0002177706878771449	0.00010282367392730871	0.00024082520719059783
0.025627	-2.2589223960182427e-05	-0.0003835183946471035	0.00038418307103751297
0.025687	-0.0002385937283562116	7.014329174816994e-05	0.00024869066847830573
0.025747	-0.00036896690402614244	3.367329048685377e-06	0.00036898226945418223
0.025807	0.0004213488144181826	-4.989270383589346e-05	0.00042429247613841125
0.025867	4.299029752875773e-05	0.00017267800640158963	0.00017794903645830325
0.025927	-4.466921232426326e-05	4.547702131835399e-05	6.374557237691207e-05
0.025987	9.151045157564322e-05	-2.327511528967777e-06	9.15400461956166e-05
0.026047	-0.0001549750643930543	8.466851325539464e-05	0.00017659566166956157
0.026107	-0.00038821308534638663	5.595088553936644e-05	0.00039222429963835763
0.026167	0.0004067707874897777	-7.44139350305847e-05	0.00041352135045459257
0.026227	0.00018613305738816996	-0.0002851126179655269	0.00034049187945650665
0.026287	-5.0152850857688454e-05	-3.234823041196278e-05	5.968011779427865e-05
0.026347	-0.00030973604763508567	0.00028383008072462284	0.0004201141915345755
0.026407	0.0002194911563674146	0.00013612940133237813	0.00025827810908130895
0.026467	0.0001095768384486796	-0.0003766958474152133	0.00039230962897215976
0.026527	0.00012734406520411345	-7.745789077773188e-05	0.00014905111803151474
0.026587	2.0474068112304433e-05	-0.00010496895020082102	0.00010694703348541148
0.026647	-0.00010385727622745842	1.8739107400501186e-05	0.00010553429760771669
0.026707	8.028935906336021e-05	0.0001654789004526971	0.00018392837647801608
0.026767	0.00013966468187301656	-0.00013230350567502403	0.00019238097872864676
0.026827	-0.00013534417982016768	-0.0001198347220578697	0.00018077170027933236
0.026887	-6.0407099546553434e-05	0.00011589185043831396	0.00013069023939699456
0.026947	-5.920832796665108e-05	-0.00038893879719367503	0.00039341964117602107
0.027007	-0.00019402737824290964	0.0005046734115870329	0.0005406864857481754
0.027067	0.00012343754654318758	-0.00017716147841189328	0.00021592363772799246
0.027127	-0.00023258627028738938	-4.692216700417894e-05	0.0002372721283306714
0.027187	0.00025799475221699464	-0.00013158244959623734	0.00028961221178198753
0.027247	0.0001638406303612628	6.955681428256267e-05	0.00017799410824607332
0.027307	5.31683052796433e-05	0.000201490230635753	0.00020838709587677997
0.027367	0.0004493140293995307	-0.00010589149058872312	0.0004616233364923658
0.027427	6.824273354262163e-05	4.8235142097171704e-05	8.356853244196406e-05
0.027487	4.483277723986846e-05	-0.00018497574060239618	0.00019033129676026647
0.027547	0.00015444663963797963	-0.0002857781875774111	0.00032484294203583046
0.027607	-6.45242937264174e-05	0.0003222233871406051	0.0003286202910674526
0.027667	-0.0005379999819959496	-1.9006409038787068e-06	0.000538003339267971
0.027727	0.00035651496035369164	0.00024434952891660283	0.0004322147721188623
0.027787	-0.0001060750487961803	0.00040391514933890097	0.0004176114986953529
0.027847	0.00015517191569212836	3.7355416370003346e-05	0.00015960498285373583
0.027907	-7.766025865180081e-06	5.3633799352250034e-05	5.419313232039704e-05
0.027967	0.00010190223206345314	-0.00017190107247649293	0.00019983504101654028
0.028027	-0.00027386722388162386	2.8367571940710756e-05	0.00027533248165525055
0.028087	0.00015966890108945556	3.756612619035524e-05	0.00016402857010918567
0.028147	8.359265358473116e-06	-0.00047516807383891154	0.0004752415972041112
0.028207	0.00040340327909826483	0.0003348182773838635	0.0005242494486954949
0.028267	-0.00018010525346919386	0.00020031181483484486	0.0002693746934840609
0.028327	-0.00027477503323254367	-2.1768399969835706e-05	0.0002756359594196523
0.028387	0.00021228361994354055	-4.918785834110948e-05	0.00021790773438434586
0.028447	0.0003464012821887409	-2.282255677516336e-05	0.00034715229712585694
0.028507	-6.076386681738252e-06	-0.00020120788118083128	0.00020129961233044023
0.028567	-0.0003468004012007492	-0.00017354414755264884	0.00038779903226126823
0.028627	0.0005031211138962878	3.239554827221508e-05	0.0005041629962582526
0.028687	2.6522190777045614e-05	-0.00025166126855787166	0.00025305497563922984
0.028747	-0.00015911393323439466	-0.00023772234349012065	0.0002860579597629724
0.028807	7.328658733497974e-06	0.00021926310399869033	0.0002193855465019803
0.028867	6.26400161354711e-05	-0.00026119204601133	0.0002685983181649446
0.028927	0.00016914723901692601	-0.0001965510624637533	0.00025931276216700045
0.028987	-9.501795847280397e-05	0.0002174900770441487	0.0002373401484052145
0.029047	-9.573722593116032e-05	-0.0003250952602715739	0.00033889901841114325
0.029107	-0.00038115521493588473	0.00018182674006782506	0.0004223035179542232
0.029167	-8.966611606860543e-05	5.716559420743434e-05	0.00010633869254376636
0.029227	7.88745910578135e-05	7.181512970298094e-05	0.00010667058624003755
0.029287	-0.0001504001720572098	-7.019821961748145e-05	0.00016597590726458606
0.029347	0.0002652524369134421	0.00014707936605288637	0.00030330050314339826
0.029407	0.0002994526480700641	-3.305303317524002e-05	0.00030127129209112704
0.029467	-0.0001430651309089678	0.0001238476598953058	0.00018922440261114165
0.029527	0.00011196349321885673	0.0002687588919036743	0.0002911480135447602
0.029587	3.4739588706832226e-05	-0.0003980789250407111	0.0003995918787776948
0.029647	7.318520641703288e-05	8.630307385012331e-05	0.00011315606477022586
0.029707	0.0002008074130311404	-4.5103655740701896e-05	0.00020581048780233423
0.029767	5.5523879403921526e-05	8.855400255258856e-05	0.0001045213497432227
0.029827	0.00011232422621919869	1.972856749248139e-06	0.00011234155045883414
0.029887	-0.0003089936938225503	-0.00019671090102240123	0.0003662953472310956
0.029947	-0.0002895722555744685	9.443190775039204e-05	0.00030458082080108697
0.030007	5.108362501234429e-05	-0.00020199279099911052	0.00020835216427964493
0.030067	0.0004621365945947255	-6.726240185319079e-05	0.0004670058487499592
0.030127	4.246370379976092e-06	9.231609948893071e-05	9.241371048850972e-05
0.030187	0.00017762472214463302	-0.0002008032959706055	0.00026809048022937457
0.030247	0.00014709248530081525	0.00029417085164465764	0.00032889616779359674
0.030307	-2.6931295399842652e-05	7.702220293018719e-06	2.8011049058465755e-05
0.030367	0.00031639393280677767	-2.045587510908614e-06	0.00031640054542494793
0.030427	9.43328624497681e-05	0.00014198683129446234	0.00017046685659977712
0.030487	-0.00015468104743457031	6.514974018930596e-05	0.00016784133901452843
0.030547	0.00030514006040736885	-0.00033710321623045775	0.0004546966404739884
0.030607	-3.003809609946557e-05	8.677537678489484e-05	9.182730113338404e-05
0.030667	-8.285406102011531e-05	7.641197741489706e-05	0.00011271018463288813
0.030727	-0.00024541496770583604	-0.00017669198527345956	0.0003024046362639518
0.030787	-0.00013816581091311242	-9.946924294604507e-05	0.00017024664929900167
0.030847	8.083498666084887e-05	-3.901359633088932e-05	8.975720454163663e-05
0.030907	-0.00020065952517507455	4.3478378093133e-05	0.00020531588931472353
0.030967	0.00046232104686280153	-0.0005255618990995375	0.0006999686136945207
0.031027	-6.490767304530862e-05	-0.00014557167819952108	0.00015938669804592103
0.031087	1.9638551093802537e-05	4.90968090809062e-05	5.287881760204975e-05
0.031147	-0.00021846159593857784	0.00038160554221253667	0.00043971383733896135
0.031207	-8.318813010424288e-05	0.0002609700005379499	0.00027390802502120674
0.031267	4.474706459061626e-05	-0.0004629243039426264	0.0004650819400602887
0.031327	1.8560232150982715e-05	-0.00031013919717422895	0.00031069406792112015
0.031387	1.0125072268388121e-05	-0.00023368701240790004	0.00023390625655713042
0.031447	-0.0001163190237401264	-0.00019883104690276404	0.00023035602986747546
0.031507	-0.0002453607169915111	-1.138915493981073e-06	0.00024536336028651635
0.031567	0.00023831360239530614	0.00014865950460111842	0.0002808790155830051
0.031627	0.0002040281735398303	4.699989948222629e-05	0.000209371646001407
0.031687	-0.00012944724887540475	-1.5903113852411223e-05	0.00013042047106038887
0.031747	-0.00010910709871172541	0.00013055308777386226	0.0001701424923897025
0.031807	-3.5176411894798044e-05	0.0002456485432040716	0.0002481543606952639
0.031867	-5.388783873973781e-05	0.0002721611147098389	0.00027744471796042913
0.031927	-9.243161711507848e-05	0.00018092085527120043	0.00020316485846368982
0.031987	0.00014462633225937268	5.94149809558175e-05	0.00015635509567896603
0.032047	-0.00015463199268702044	-1.0217011288530703e-05	0.00015496915977712697
0.032107	-0.00011494679396214417	0.00013988089323457734	0.0001810509037101965
0.032167	-0.000370151224318855	-0.00020355554510282747	0.0004224296258631212
0.032227	-0.00020062824026574475	-5.885027855499738e-05	0.0002090814340828238
0.032287	0.00035413204537143594	0.00013849333507589775	0.00038024979871053406
0.032347	0.00029666580288380273	0.00017269070395587517	0.0003432676475193475
0.032407	-0.00023281337457342117	-0.0003381368921376725	0.0004105345603049615
0.032467	-0.0002831131855060406	5.700669463800269e-05	0.0002887954969194087
0.032527	-0.00015561579073543932	1.4569802585862157e-05	0.0001562963642366867
0.032587	5.496900443363259e-05	-0.0005046892488341343	0.000507673939982335
0.032647	4.0410781990360704e-06	-0.000554250051951441	0.0005542647836559579
0.032707	1.4747452900605937e-05	0.00011882536803712506	0.00011973702625426193
0.032767	-0.0003619490019344066	0.0003565229774765642	0.0005080508965350498
0.032827	8.357991469196065e-05	-0.0001816647987045132	0.00019996925070686923
0.032887	0.00011350192421447975	-8.427726448192676e-05	0.00014136953034139335
0.032947	8.36477046698446e-05	-0.00020368909190677723	0.00022019578710397956
0.033007	0.0004681376706349977	-0.0005136786810405057	0.0006949954431671298
0.033067	-1.971859806884438e-05	-0.0001326993545959603	0.00013415640804667156
0.033127	-0.00022919130764128412	1.336190588644585e-05	0.0002295804783234846
0.033187	-3.102345673961735e-05	7.798142086244282e-05	8.39259010544441e-05
0.033247	-0.00019348931987796605	0.0005357187501173116	0.0005695899368265669
0.033307	-0.00021278034970157144	-0.00032114043874662674	0.00038523584804311625
0.033367	-7.991787929166833e-05	-6.98646863631199e-05	0.00010615056208562807
0.033427	-6.038057775996965e-05	-3.368719168436149e-05	6.914217999316088e-05
0.033487	-0.00020822698759535198	-0.00017786913294477795	0.0002738538055561068
0.033547	0.0001766908180633199	0.00021688788334629967	0.000279749886738714
0.033607	1.0997822484107246e-06	-0.00038484055554434664	0.00038484212699842945
0.033667	0.0003832928025977602	0.0002395849624857336	0.0004520114232765981
0.033727	0.0001049933357810977	0.0005980726757161191	0.0006072186805399522
0.033787	-5.041494884826479e-05	-0.0005164666420207751	0.0005189214385507585
0.033847	-1.1119993688166297e-05	0.00016466496277779696	0.00016504000795636832
0.033907	-0.000176610355057965	-0.00015594802004231044	0.00023560773007016836
0.033967	0.00033624587255498453	0.0004353312876573019	0.0005500678292934676
0.034027	-0.0001901548771900381	-0.0001146822748262543	0.00022206058064970242
0.034087	0.00019294568501545615	0.00011341208081705132	0.0002238087072509401
0.034147	0.0002476253324990337	9.686667152346564e-05	0.0002658974564513395
0.034207	-3.4298161432097334e-06	6.821244218644754e-05	6.82986157093661e-05
0.034267	0.0002893278991169743	-0.0001225365716095324	0.0003142066908728395
0.034327	-0.00010406754312547356	0.00020210092362463457	0.00022732099960650945
0.034387	-0.00017152712605885052	1.4870714771857884e-05	0.00017217053502802026
0.034447	-9.873180370279677e-05	-0.00018636914502854603	0.00021090620493735793
0.034507	-0.00044349650866507744	5.207834310205705e-05	0.0004465437347207647
0.034567	-3.161394716969288e-05	-7.777350534056849e-07	3.162351225688615e-05
0.034627	6.141142789033673e-05	0.00016462415772704723	0.00017570565381589106
0.034687	-0.0002854208851514123	-0.00021864468357665068	0.00035954218019162835
0.034747	0.00016669160239443632	-0.00021394049181416448	0.0002712132451531662
0.034807	0.000265910533790047	-0.00039351352550073663	0.00047493294972293366
0.034867	-0.00037079805717284923	-0.0003582183069661081	0.000515569156029358
0.034927	4.109633384535244e-05	-0.00035160096748084704	0.00035399456067713287
0.034987	0.00011933250981204432	-8.363488926179973e-05	0.00014572248488093785
0.035047	-2.0188960191621706e-05	5.5812214333859634e-05	5.935147329652039e-05
0.035107	0.00014758644648590308	-7.516809514186671e-05	0.00016562609007518428
0.035167	0.0001692401731838255	-0.00043028845130355206	0.00046237472632541294
0.035227	-7.56543256303257e-05	5.3628628634655136e-05	9.273406491582858e-05
0.035287	9.401918750055848e-05	0.00015664284074431696	0.00018269260295566053
0.035347	0.00021231154208223763	1.6114301857751104e-05	0.00021292219617902798
0.035407	0.00023458574553692394	-0.00022008611805824632	0.00032166499867262955
0.035467	0.00024026320468835288	0.00028633135127089607	0.0003737807515746827
0.035527	-0.0002494549324347522	0.0003355548185856102	0.0004181205562897483
0.035587	7.631998143502931e-06	-0.0003041506488529696	0.00030424638797090897
0.035647	0.00044574319563626616	0.0005741146894268382	0.0007268388219348948
0.035707	-5.0151808885817304e-05	4.927604925230813e-05	7.030883987405453e-05
0.035767	0.0004560322572022519	0.00027448410588265927	0.000532265858374538
0.035827	0.00012989332815667996	8.704893947482391e-05	0.00015636430079564358
0.035887	0.00030880277138863434	-0.0002927184029581961	0.0004254917332307386
0.035947	0.0001278764687406779	8.127116537713523e-05	0.00015151697455844095
0.036007	0.00010434662574263646	0.00028225853639681463	0.00030092872856001267
0.036067	0.0003755549259672916	-0.00018930269787457055	0.00042056749023300507
0.036127	0.0002780595577263194	9.437963685356912e-05	0.00029364031313082326
0.036187	-0.0003561641268643267	0.00019128821434054332	0.0004042821616280167
0.036247	-1.2382619395966162e-05	0.00028472144640632503	0.0002849905810843846
0.036307	0.0001286577400261381	-0.00030011573094329493	0.0003265306509782221
0.036367	-6.224113060108874e-05	-0.00012883562830538493	0.00014308241492002114
0.036427	0.00018153438131644008	9.657339342332796e-05	0.00020562381164942827
0.036487	-8.187288073718581e-06	-0.00031410129784959563	0.00031420798366178164
0.036547	-0.00039680632318320745	-0.00023582460889628578	0.00046159344046385907
0.036607	-0.00018526666850430395	-2.6698049203816485e-05	0.00018718045915632609
0.036667	-2.8982144383009558e-05	4.2910036783522904e-05	5.1780652272841265e-05
0.036727	-5.106186061604908e-05	0.00023089474224996366	0.00023647345645600476
0.036787	-0.00012415319479882182	5.627936645088372e-05	0.00013631354616055975
0.036847	-0.00010758099606334088	0.0003866909481421606	0.0004013770796757878
0.036907	-1.4077254268058737e-06	0.00023022568346387227	0.00023022998722426317
0.036967	-2.5609531428477726e-07	0.00019870135241111274	0.00019870151744467182
0.037027	0.00028185658357642815	-0.0001566420162571277	0.00032245907486450786
0.037087	-2.9412600556767547e-05	0.00015283595972563776	0.00015564039211197307
0.037147	-1.8351991026493627e-05	-0.00011603389660641692	0.00011747621349151987
0.037207	0.00011892235865116124	5.451847124671262e-05	0.0001308235112440958
0.037267	6.432061523726486e-05	0.0001906091539537886	0.0002011690610294718
0.037327	0.00020660387803313107	-7.386826738686894e-05	0.00021941213126230478
0.037387	-1.980636021095774e-05	6.658801223247718e-06	2.0895730150845058e-05
0.037447	-0.0004208200658493973	-0.00010998125262865964	0.00043495448468921453
0.037507	-0.00015785367516590843	0.0003037330019212234	0.0003423032562209452
0.037567	-3.279320263710337e-05	-7.545164255483042e-05	8.226994896935345e-05
0.037627	-8.505430453656216e-05	-0.00023569244627108407	0.0002505696788309514
0.037687	-3.080048528669973e-05	0.0002498294913444031	0.0002517209658318103
0.037747	0.00018931629225102316	1.3945993649396475e-05	0.00018982926341990536
0.037807	5.444763738293497e-05	-0.0003844489292272932	0.0003882853646489858
0.037867	-0.0001225339462858487	0.00038228187421889524	0.0004014399075187898
0.037927	8.606660142881819e-05	-0.00014004523295807906	0.0001643780008267216
0.037987	0.00015697783090874324	-0.0001720384718707231	0.00023289326997667315
0.038047	0.0002967439822974541	2.6023387383309504e-05	0.0002978828758432642
0.038107	-3.8071995953142835e-05	0.0002882669452935029	0.0002907701989969115
0.038167	-0.00017891018288356355	0.00016996522561520938	0.0002467732389418658
0.038227	-0.00011410336851100131	8.59567453101525e-05	0.000142857064123101
0.038287	-0.00025696884693291377	0.00011748938958361741	0.00028255396822335073
0.038347	-3.546748718388486e-05	-0.0002990944373220484	0.00030119001491439216
0.038407	6.54060327513953e-05	0.00022880734759283825	0.0002379721652478426
0.038467	-8.04066208296651e-05	-0.00018979834270127667	0.00020612771663557717
0.038527	4.886709510059791e-05	1.4582307631437675e-06	4.888884760893285e-05
0.038587	0.000274165162564793	-0.00027607556309599917	0.0003890812934374414
0.038647	-4.4977343833039256e-05	-7.196435501775757e-05	8.486359556015338e-05
0.038707	-9.595241836748102e-06	0.0004610417174944729	0.0004611415552042117
0.038767	-0.00018923308254136455	-7.06233483087903e-05	0.0002019822191541909
0.038827	-0.00036641597750607503	-5.044424409630054e-05	0.0003698719918217377
0.038887	-3.966453561816921e-05	0.00015055394840369547	0.00015569125462192027
0.038947	0.00014020815728009963	-0.00011281873090290473	0.00017996219994883143
0.039007	-4.82643787374094e-05	-1.5260468094844075e-05	5.061948381188661e-05
0.039067	9.939056899836302e-05	0.00011215737967893267	0.00014985914393944274
0.039127	8.52268373101974e-05	0.00019655952930950474	0.00021424113134567067
0.039187	-0.00026329734760533943	0.00016922877974284722	0.00031299181003543856
0.039247	-0.00027688547836571427	0.0003403487160083583	0.0004387514291923715
0.039307	0.00038787609280455126	-0.0002579156835183005	0.00046579862942481594
0.039367	0.00019076741937908758	2.9470417588590173e-05	0.00019303034427105642
0.039427	-0.00036055455422927263	-0.0003866738857984612	0.0005286929927036586
0.039487	0.000293850689821959	-0.00011133518581661606	0.0003142351850281276
0.039547	-0.00018758139021621088	0.0002091586954870343	0.0002809521985201118
0.039607	-0.0003042492589040368	0.000354537427758755	0.00046718775585994336
0.039667	-0.00020776478494851202	-0.00014378656527806722	0.00025266733508541486
0.039727	3.156853859486167e-05	-0.0002849609226198244	0.00028670420305492003
0.039787	0.00012810598605714882	-0.0001363959232300886	0.00018712293161839526
0.039847	0.00014013062544284452	-0.00036458937283660134	0.00039059186239908924
0.039907	0.0002240501807712313	5.968306874424046e-05	0.00023186321872679838
0.039967	0.0004913269924632429	0.0001583220508248828	0.0005162054681039056
0.040027	-0.00023242530174424537	-0.0001842519474235627	0.0002965978776395388
0.040087	4.376071961851932e-05	-2.2799905964444072e-05	4.934406036716227e-05
0.040147	0.0002514888757486545	9.979710642244388e-05	0.00027056628961423626
0.040207	-0.00014362736964803935	-0.00041354945790425405	0.0004377807390063169
0.040267	-0.00027419301621602846	3.66730221297494e-05	0.0002766346339375682
0.040327	0.00019834418724030828	-3.422624484088741e-05	0.0002012755634644376
0.040387	9.333917773107389e-05	7.305302234577668e-05	0.00011852825052857883
0.040447	-0.0002063985189140059	0.0001821363352296032	0.0002752707634689264
0.040507	-0.0003189057113649307	-0.0003991331974498891	0.0005108895791144547
0.040567	-0.00022120749323590504	0.0005079145561275305	0.0005539945409387526
0.040627	2.2336283627031526e-05	9.250838436283495e-05	9.516675230188957e-05
0.040687	-0.00012069518001029077	-0.0004298370056987842	0.0004464607238557644
0.040747	-0.00024161118411929075	7.150535074515887e-05	0.0002519701956119295
0.040807	-0.0004715832054341871	5.4337889010066414e-05	0.00047470340827684504
0.040867	-0.00010228749042585766	-0.00028876544498752346	0.00030634655688690604
0.040927	0.0001915211566966855	-0.00034871631520130933	0.0003978484911998728
0.040987	-0.00021217691376089113	-0.0002568363626476257	0.00033314255193709393
0.041047	-7.099153343556944e-05	0.0001066879751245744	0.000128148826977524
0.041107	4.365180228506716e-05	-0.00026052894309993164	0.00026416057623252946
0.041167	0.0003795578571793932	0.0001964697687731541	0.0004273927198589013
0.041227	0.00012723997150923232	-1.4415554207129024e-05	0.00012805396734490084
0.041287	-4.220809782450602e-05	0.0001447023061145761	0.000150732481293315
0.041347	-0.0001799355791713608	-0.0005011526904030404	0.0005324761325636472
0.041407	0.00032989466748650184	0.00010877004669341913	0.00034736351952057115
0.041467	7.871022672913643e-06	0.0002609835634858966	0.00026110222788730574
0.041527	-0.00022186639853498695	-0.00018685573361390656	0.00029006855048984
0.041587	7.206533947287454e-05	-9.466471006805855e-05	0.00011897403282065477
0.041647	0.00018289606507514608	0.00026985793732414145	0.00032599735728501284
0.041707	0.00044055389716333407	-0.0001253174849393582	0.00045803079409285116
0.041767	0.0001694487657221853	-3.099890196792901e-05	0.00017226089552765397
0.041827	4.1589282382771366e-05	0.00039745264685328975	0.0003996226656482334
0.041887	0.00019981863496863793	-0.00021202985413130602	0.00029134883889192465
0.041947	-2.0980005842486487e-05	-0.0001707413669285692	0.00017202550690460723
0.042007	-0.00021554202225844123	-0.00014767352230236116	0.0002612773096700981
0.042067	-0.00010420342674815486	-0.00012529602102048494	0.00016296455758729836
0.042127	0.0003480912931896061	0.0003226267758688789	0.0004746109827026342
0.042187	1.9812851793912056e-05	-0.0004785573987434837	0.00047896736108876686
0.042247	-6.447630116809395e-05	-0.0004691222024749121	0.00047353229485139783
0.042307	2.131824626997143e-05	-8.002884289705304e-05	8.281958294671828e-05
0.042367	0.00039968870605753626	0.00033946763509524146	0.0005243942572407745
0.042427	0.00015400031989448425	-0.00011358669924953479	0.00019135839875481753
0.042487	-5.853149542998605e-05	0.00014206766065262005	0.0001536527128318224
0.042547	-0.00016650934163755788	3.6062707695011555e-05	0.00017036983224405904
0.042607	-0.00012818915264910653	-0.00030203507148449717	0.000328112241867842
0.042667	-0.00021809074747720832	0.0006017057206380367	0.0006400104283398096
0.042727	-0.0001870819066885792	0.0003124595638929626	0.0003641848690959231
0.042787	4.71853575894953e-05	2.043251358439975e-05	5.141931137447508e-05
0.042847	-0.0005585730869291015	7.822133391283161e-06	0.0005586278539531453
0.042907	-0.00018385436221795987	6.587228588726945e-05	0.0001952987059726381
0.042967	-0.00012254276381296037	-0.00021982114811972662	0.0002516705507674543
0.043027	3.728691701750942e-05	-4.191368744700367e-05	5.6098764479048435e-05
0.043087	2.7887701733679736e-05	-0.00015408192803348722	0.00015658532643419504
0.043147	8.875973842203644e-05	-0.00020530674557559181	0.00022367197174341967
0.043207	-1.5099070856659657e-05	-8.004290640718428e-05	8.145458125141699e-05
0.043267	-0.0001414870499933522	-8.153583276837028e-05	0.00016329934886904167
0.043327	-0.00033072790995845836	-0.00022194542881299876	0.0003982972806792384
0.043387	-0.00031872698196260115	-0.00025555055330519735	0.0004085253655840489
0.043447	-0.00012565492460921225	0.00012615514799330167	0.00017805696123364192
0.043507	0.0001434983158258003	0.00018580791845216753	0.0002347687142793274
0.043567	-0.00011945118848342965	0.0003173046644403172	0.00033904400378960566
0.043627	0.0003371580450231593	0.00011198238330822904	0.0003552683513841753
0.043687	-0.00016160130308612378	0.0002750733159685117	0.0003190302655188782
0.043747	-0.00037998940430504773	2.7275173921394077e-05	0.00038096703597102375
0.043807	2.8537224358901196e-05	0.00015977655719763762	0.00016230502581263535
0.043867	-9.192450246405765e-05	-2.21599657710515e-05	9.455780367710914e-05
0.043927	-0.00014328340660083348	-0.00021463107404170735	0.0002580632336297378
0.043987	-0.00030621941632526044	-0.00030743292896054635	0.00043391858308194583
0.044047	0.00017384307397854347	1.6962393737447023e-05	0.00017466864965303168
0.044107	-0.00029378778515398393	0.0004043787303672856	0.0004998333925210893
0.044167	-0.00034675725130417175	-0.0003405805027455542	0.0004860408112313605
0.044227	-3.078262878956907e-05	3.8753830293973074e-05	4.9491712413801885e-05
0.044287	0.00019789538812409587	-0.0002866862469642168	0.00034835554945947744
0.044347	0.0002251556776832424	0.00040024468387462377	0.0004592285772498241
0.044407	7.904391175627358e-05	-0.00011539657319218591	0.000139872474383751
0.044467	5.456452034992907e-05	-0.00011630698768445985	0.00012847023883083163
0.044527	-0.00020459064875480253	-3.434310300165418e-05	0.00020745308453164345
0.044587	0.00019973576244240604	3.98461144231927e-05	0.00020367151895411256
0.044647	-0.00037095949672217915	0.0002023867214896835	0.0004225770145709716
0.044707	-5.461924956760825e-05	7.581536152494067e-05	9.344105878298965e-05
0.044767	0.000330068221353559	0.00015650896482349676	0.0003652945206509736
0.044827	-0.00028225470370238815	-3.528433088093277e-05	0.00028445158070898125
0.044887	-0.00014931787941218505	0.00014191866690658399	0.00020600178913954552
0.044947	0.00019682677682793595	-9.917333758988823e-05	0.00022039993413155106
0.045007	-0.0004291791911188657	0.00010375429918904106	0.0004415424472116502
0.045067	0.0002054073744359588	8.097443454582264e-05	0.00022079186697586916
0.045127	-0.0002531646770543237	-0.00022790684891355254	0.00034063746929796916
0.045187	-0.00013487028961116414	0.0002254245865401403	0.0002626903866466995
0.045247	0.00015549791392665597	-7.054302157517603e-05	0.00017075104429694555
0.045307	8.523996080727435e-05	3.678407707470146e-05	9.283813464661623e-05
0.045367	-0.00035601184106108427	-0.00012048203137952255	0.00037584617978774106
0.045427	0.00028661965050674006	0.00044673912437926126	0.000530779303767352
0.045487	0.0004300248193491815	-0.00019622010697368066	0.00047267713678266567
0.045547	-9.759595138170266e-05	-0.0002990587203401808	0.0003145808130474682
0.045607	0.000387721874103334	9.03949953094341e-05	0.00039811996538128327
0.045667	3.436097234706863e-05	-0.00011340413773275235	0.00011849546352306101
0.045727	-0.00013144627980899795	-0.00024064656741345185	0.0002742059351719113
0.045787	-0.00017811785169789671	-0.00010715107187191103	0.00020786370846488178
0.045847	0.0003926137856261803	9.157269802661452e-05	0.00040315151455450814
0.045907	-0.00021472682849030847	-0.00034006274562760894	0.00040218190142930874
0.045967	0.00027046576055908805	0.00024630975435447673	0.0003658144648930228
0.046027	0.00020044628389140904	-0.00010326188452332603	0.0002254811067943034
0.046087	-0.0002213289873270025	0.00014809606136328773	0.0002663061471737277
0.046147	-0.00010817955696796957	-0.0003245689987420685	0.00034212256793467313
0.046207	1.796878840332361e-05	-0.00023620945899115918	0.00023689192867968196
0.046267	-8.627261197448433e-05	0.0006285562076047064	0.0006344492648709672
0.046327	-3.0156530485995376e-05	-5.5441097359235664e-05	6.311205595881834e-05
0.046387	-0.0002161776770441094	-2.633154921740293e-05	0.00021777543143425472
0.046447	0.00016888354801266296	-1.5529268997675053e-06	0.00016889068763937656
0.046507	-0.00010612649159110916	7.321485141658615e-05	0.00012893117034057573
0.046567	-0.00018175304275317903	0.00022885711806021878	0.0002922494637067241
0.046627	1.4856724419621777e-05	-7.308298599288899e-06	1.655697704585454e-05
0.046687	0.00014529659477498274	0.0002815871921340784	0.0003168634520217817
0.046747	0.00026876479064222487	-0.00011509883896843823	0.00029237348617964907
0.046807	0.00014861450720175188	-1.7943513890537695e-05	0.00014969382566278237
0.046867	0.00023105727197258484	-0.00018030385634754784	0.0002930818035040903
0.046927	0.0003617138656792786	0.0002449187240561116	0.0004368318921712573
0.046987	0.0003659306605022617	-2.6771382394693823e-05	0.00036690864695581167
0.047047	0.00038353063420003	0.00023617152698131815	0.0004504139624018828
0.047107	0.00018849186878226834	0.000140671425253685	0.00023519701205571244
0.047167	4.5985479422996434e-05	-0.00022462791703716298	0.0002292866446834996
0.047227	-7.591820524122201e-06	-7.512138599216464e-05	7.550402884783216e-05
0.047287	0.0001561933136763418	0.0001232227619601537	0.0001989477325889511
0.047347	0.00011925496352582874	2.0109026051806657e-05	0.00012093849368294191
0.047407	0.00019629707422150335	0.00028684011158272387	0.00034757702881622063
0.047467	-0.00011296650180754462	-0.0002274921860049568	0.00025399630946914924
0.047527	0.00024493902057814114	-8.565237897142718e-05	0.0002594830511329093
0.047587	-1.6647700819120162e-05	0.0001909872697988275	0.00019171145810246466
0.047647	3.0275342280014055e-05	0.00025254452061851125	0.0002543527692882577
0.047707	0.00039198496228780397	-0.00010248489996914336	0.00040516091294873994
0.047767	-4.189532438132073e-06	-0.0001783797376342443	0.00017842892977460798
0.047827	9.11382895935584e-05	-0.00010459616639430129	0.000138731920820061
0.047887	0.0001308923857550875	-0.00015116811887937176	0.00019996153833721751
0.047947	0.000133218844123625	0.00011959629567257796	0.00017902663033257757
0.048007	-0.0001855793719387544	7.744685312391804e-05	0.0002010913184301607
0.048067	0.0001615601393753017	-0.00028434216385262817	0.00032703538765607883
0.048127	-7.490521949112618e-06	0.00021111692680340037	0.00021124976852527542
0.048187	4.118399013511633e-05	0.00017554151169865847	0.00018030791267412423
0.048247	-2.876211820256506e-06	0.0003090768530565057	0.00030909023551343025
0.048307	-7.876833682707714e-05	-3.8975291933016036e-05	8.788358360790541e-05
0.048367	0.00020525805686470218	0.0003868778730378055	0.00043795588653896373
0.048427	-4.2943541031650706e-05	-0.00012735904051572815	0.00013440414025402622
0.048487	-0.00024435190218951403	0.0001906059174103276	0.00030990073871397345
0.048547	6.990661738818045e-05	3.4516296472645756e-06	6.999177738762839e-05
0.048607	5.928150647387958e-06	-0.0001473724562727373	0.00014749163989175113
0.048667	0.0003017314138703568	0.00025084138076016734	0.00039238150366431877
0.048727	0.0002171887260076905	0.0003210288184159099	0.00038759572360690326
0.048787	-0.00020654975488818217	-0.00024297822611320016	0.0003189062865631306
0.048847	0.00018544942925890936	-0.00013275803125089151	0.0002280705716967183
0.048907	9.539295877631161e-05	0.0001811327546265768	0.000204716612376013
0.048967	9.189324091360811e-05	-0.00036466573108032276	0.0003760657697131616
0.049027	-0.00016190107725437596	-0.0003915999036412667	0.00042374808949183093
0.049087	-0.00011330710922968938	-0.00018919340994531884	0.0002205281101554317
0.049147	0.0003120942682058182	0.0002446979238035477	0.0003965853075451636
0.049207	-1.2686923997636793e-06	0.00038727478471150157	0.00038727686279165337
0.049267	-0.00011139085734643517	-0.0002670687853171758	0.0002893676885748746
0.049327	-8.235893291215619e-05	0.00014213373423768518	0.00016427109374073687
0.049387	0.00014972161953167229	-0.00022953051820850923	0.000274045292140284
0.049447	2.056851546654404e-05	-0.00010366534039599868	0.000105686170466697
0.049507	-0.00028812822236815586	-0.0004825242452547538	0.0005620031314714387
0.049567	-2.7941543452397527e-05	-0.0006445790710559654	0.0006451843989851843
0.049627	-0.0001833519567127821	7.118754942335604e-05	0.0001966865710294139
0.049687	9.803104924697924e-05	0.00014490354148784636	0.00017494891526438134
0.049747	0.00031733064000669066	-5.8194998052762355e-05	0.000322622678814458
0.049807	0.00021814187791174074	0.000230528134883579	0.00031737848047995064
0.049867	1.0914777032541416e-05	7.553544578249927e-05	7.63199575945308e-05
0.049927	0.00023966954872172826	-6.168803839163575e-05	0.0002474811238561131
0.049987	-0.00011668500695189265	9.070091301378695e-06	0.00011703699160341819
0.050047	5.9555634990900215e-05	5.935508835366496e-05	8.408269841436294e-05
0.050107	-2.053599342025287e-05	0.00014127457127499965	0.0001427593482567486
0.050167	-0.00038616247014054824	-0.00020044327212843667	0.0004350850016796768
0.050227	-0.0003894812168188825	-0.00019491120551930674	0.00043552955845924715
0.050287	0.00020710902136020196	-0.0001183225741727042	0.000238525424824348
0.050347	7.351088512916486e-05	0.000160685647233804	0.00017670236970516206
0.050407	-0.00021782569358907994	-6.679134775165103e-05	0.0002278357235423052
0.050467	-4.103549353033955e-05	5.295717022950091e-05	6.699532526971472e-05
0.050527	0.0002512729292054472	-1.981177262613007e-05	0.0002520527549662474
0.050587	-0.0003045906720300701	1.6794857567253147e-05	0.0003050533473483516
0.050647	0.00019804484411985898	-0.0001961459373363711	0.00027873820874796276
0.050707	0.00018642261457560273	0.0005366795840230884	0.000568135870309558
0.050767	-0.0001618054643802343	-1.111847304311798e-05	0.0001621870178100387
0.050827	4.64292540465564e-05	-0.00032864434216138517	0.0003319077872934127
0.050887	-0.00013448936075064147	0.0002816395699740709	0.0003121029245782483
0.050947	-0.00031863137432513317	0.0005017702273651252	0.0005943898668166985
0.051007	0.00039687387502147255	8.76880941569977e-06	0.00039697073531071316
0.051067	0.00013026553116138274	9.202468594117895e-05	0.00015949185380868138
0.051127	-0.00015674082807790217	0.00023108512353980646	0.00027922754432174865
0.051187	-5.538561594424007e-06	-0.00025159877780339365	0.0002516597318934769
0.051247	7.638680073628836e-05	0.00019480276311581243	0.00020924401985309105
0.051307	-0.00035708901894298883	-6.177446409044847e-05	0.000362392952281537
0.051367	-5.996162697251747e-05	1.7220580773759557e-05	6.238545592826034e-05
0.051427	-0.00017852642866340683	-0.00027404593716327515	0.0003270670594954622
0.051487	-0.00010502047585061065	0.00010056599189815717	0.00014540570509560108
0.051547	0.0002096437424952078	-0.00012408947426845423	0.0002436158787756216
0.051607	0.0002089581424323034	-0.00019548069154663806	0.0002861401860213113
0.051667	7.956156660055859e-05	-0.00038702244016570103	0.00039511569453990153
0.051727	5.3314106510693194e-05	0.0002840417360638266	0.00028900190618607707
0.051787	-0.00011212838782946666	0.00015295215533690882	0.00018965003870139645
0.051847	0.0003455165092245149	-9.85159361767396e-05	0.0003592868600818484
0.051907	0.0003584198552283482	-0.00010628398971989671	0.00037384633085358644
0.051967	0.0002922938920491805	-0.0002377436164261482	0.0003767728048581021
0.052027	5.767688730835241e-05	-0.00017482992197688139	0.00018409813944747735
0.052087	0.00033346824836735583	9.502239093375931e-05	0.00034674245117660555
0.052147	0.0002893452319351379	1.8695471401546267e-06	0.000289351271727131
0.052207	-0.0001958328062235898	0.00044086682396608307	0.0004824044407624658
0.052267	0.00030722623544625013	-9.946339933504582e-05	0.0003229255758743143
0.052327	-0.000223387955864532	-3.835306148015625e-05	0.00022665642755111698
0.052387	-4.9157234910888976e-05	0.00012336696914923176	0.00013280001062180614
0.052447	-0.00031926169303772274	8.878458663294129e-05	0.00033137702313964883
0.052507	0.00018770992640892905	0.0001804924262273238	0.00026040839540589217
0.052567	-0.00014314065787510277	-6.816686839094244e-05	0.00015854327448096083
0.052627	1.8449749156547465e-05	0.0003924515042593649	0.0003928849404588802
0.052687	-9.118462074651151e-05	-3.964898800179993e-05	9.943177213673712e-05
0.052747	5.8283920134869696e-05	-7.362724352500342e-05	9.390413375021372e-05
0.052807	-0.00015552307212789618	1.9424259347420447e-05	0.00015673138746050404
0.052867	-2.0254871439065704e-05	7.190913150143273e-06	2.1493465261469195e-05
0.052927	-0.00016567521309527025	0.00017355586451428065	0.00023993731335801555
0.052987	-0.0003276088915044312	2.120155031602208e-05	0.0003282942148874466
0.053047	-2.9423593441596448e-05	-6.110717954946698e-05	6.782208521939703e-05
0.053107	0.00044820545190542684	-0.00027251862999439836	0.0005245517427401911
0.053167	0.0002799842540635366	0.0001673177746243654	0.00032616931221187095
0.053227	-0.00015666824704996604	-0.00013272769923878386	0.00020533285606285775
0.053287	-0.00019775217704800819	0.0001305999061835465	0.00023698577810150954
0.053347	-0.00010108319282887848	9.980646236174768e-05	0.00014205330619752288
0.053407	1.9600467779734207e-05	-3.2776388073670596e-05	3.818991951209448e-05
0.053467	0.0003778690294610278	2.0370208887802085e-05	0.0003784176909658847
0.053527	-0.00018185197866608645	0.00017958567807058838	0.0002555800420863174
0.053587	0.0002148063223713333	-0.00043472901328530815	0.0004849031564371537
0.053647	9.444360794217901e-05	8.953912342978752e-05	0.00013014165246265602
0.053707	0.00045472597788565874	0.00014574850680191626	0.0004775126618206651
0.053767	8.155664427895318e-05	0.0004777278104912925	0.000484639399082295
0.053827	-0.0001307636932972925	-0.0002569012068647284	0.0002882661505853616
0.053887	0.00025984555343266225	4.65693911784116e-05	0.00026398564323359416
0.053947	-1.5098699737645258e-05	5.310304322263046e-05	5.520782492792238e-05
0.054007	0.00021850495814255082	-0.00035238691705124977	0.0004146335201617957
0.054067	-6.253551592940742e-05	-0.00013299642764252458	0.00014696509966053315
0.054127	0.00014027825603189791	-6.874987605404492e-05	0.00015621950765764577
0.054187	7.150287822359128e-05	0.00014682794618036895	0.0001633129124527606
0.054247	0.00029328671779792626	0.00019880295696004277	0.00035431584008161003
0.054307	-0.0001931429525156029	-0.0001599205605723889	0.00025075642723613594
0.054367	-4.2954806517124525e-05	-0.0004404267261238998	0.0004425164590014028
0.054427	-0.00011099280219745066	0.0002891809016234787	0.0003097498926608539
0.054487	0.0001380707198999658	6.013953142912311e-05	0.00015059975741749817
0.054547	0.00014484865606577695	-0.0002910428365729997	0.0003250954719532703
0.054607	-0.00025633590603651443	-0.0003352834111677711	0.000422046280078213
0.054667	-3.642569684479232e-05	-2.9831237489082144e-05	4.708220598866129e-05
0.054727	-3.924693393559742e-05	0.00017279782519960052	0.00017719878729002874
0.054787	0.00012464776520444785	0.00021877365592211747	0.00025179153658531136
0.054847	-1.9901362849242024e-06	-3.1635480179517206e-05	3.1698016477710364e-05
0.054907	-0.00010204365392362076	-0.000600523446441204	0.0006091316089579536
0.054967	-1.1245205534940093e-05	-9.296770866596904e-05	9.364533892364073e-05
0.055027	-0.0001631034842037734	-0.00019017010653622668	0.0002505342610889983
0.055087	0.0002183750008368469	0.0003893570998721514	0.0004464152687927972
0.055147	-1.0037728261035256e-05	-0.00021169247249149995	0.00021193031613765608
0.055207	-0.00032027682318855696	3.852544171557197e-05	0.0003225855748962345
0.055267	-0.00014062628327751243	-0.0002187511564302832	0.0002600534944737974
0.055327	-0.00017033073609946687	9.462382842425918e-05	0.00019484924574103403
0.055387	-7.363854457469186e-05	-3.176993733981428e-05	8.01995272159045e-05
0.055447	0.00011109536726235423	0.0003042981739665029	0.00032394375948072444
0.055507	0.00031639574735436353	-0.00030333396535129665	0.00043831240397651066
0.055567	-0.00013014219711390688	-0.00012213154687924392	0.00017847438531271636
0.055627	-8.015193490200015e-05	-0.00017416658047669429	0.00019172462132829808
0.055687	-0.00013208196781454624	-0.00011392177956914124	0.00017442424740259834
0.055747	-0.00014150170385816968	1.147176158186879e-05	0.00014196595897804652
0.055807	-5.5882764831423e-05	-9.884285706872697e-05	0.00011354643895214378
0.055867	0.0001711644931148129	0.00015012145710132778	0.00022767023429837426
0.055927	0.0002837530237840825	0.0003487523160579485	0.00044960422202465277
0.055987	-1.716815971184767e-05	0.00014730030659938198	0.00014829742422632785
0.056047	-0.0001234671479674295	-8.37506752726218e-05	0.00014919219897779936
0.056107	-0.00018796146928053582	-9.616848466807449e-05	0.00021113477065005538
0.056167	0.00020272390886266108	-0.0003046451724889408	0.0003659312289834977
0.056227	5.9701146366418805e-05	-0.0002031885350705529	0.00021177773174151681
0.056287	0.0001244291088655792	0.00030269094188517304	0.0003272681002365115
0.056347	0.00016086291095894576	0.0002678674281660652	0.0003124577334528429
0.056407	8.748670966709624e-05	2.8281128583012384e-05	9.194425812579962e-05
0.056467	-0.00024433595296920055	-0.00017993763058418897	0.00030344292513357344
0.056527	0.00020326800427621975	-0.00027117914931662056	0.0003389041348029311
0.056587	-1.2882605928105752e-05	-0.00018524834696395456	0.00018569575005469713
0.056647	-2.049151569410251e-05	-5.162555200797207e-05	5.554367502758058e-05
0.056707	-1.2144831936613035e-05	2.575492119021036e-05	2.8474776702944005e-05
0.056767	-0.00021141085109962235	1.2462363053558683e-05	0.000211777851664298
0.056827	7.641042618526618e-06	0.00030344042873540366	0.00030353661941094314
0.056887	0.000228616078246652	5.874593736940727e-05	0.00023604320873579405
0.056947	-0.00018894619217735357	-0.00011720483852053907	0.00022234576162128
0.057007	-0.00025425977441632236	4.6221644502437574e-05	0.0002584269206308601
0.057067	-0.00022217543095638982	-0.00027089898199607966	0.0003503543642758997
0.057127	0.00019184209539577834	-0.000219589439381619	0.0002915868849138737
0.057187	-2.0728610686569722e-05	-7.478664280630149e-05	7.760616755923912e-05
0.057247	-9.755552240374136e-05	-0.00037369732974300827	0.0003862211467650646
0.057307	-0.00013042650739196438	-0.00023009315611227096	0.0002644880608272745
0.057367	0.00023383636290334042	-0.00023372751180487822	0.0003306175954034543
0.057427	-0.00016389186781609166	0.00010191464769088438	0.00019299518063983968
0.057487	-0.00014544549177537245	0.0003762869061548122	0.00040341817859553675
0.057547	-2.2457746190697436e-05	-0.00018008114892723723	0.0001814760881298679
0.057607	5.6173118932052526e-05	0.00011046786030023674	0.00012392968752428587
0.057667	-2.3416153403196373e-05	-0.00017542882464845032	0.00017698471334479357
0.057727	-4.951356533486364e-05	-0.00011535150520397952	0.00012552913169855645
0.057787	-0.00018182851213707096	0.00017879689401605587	0.0002550096804746237
0.057847	0.00038168732934012935	1.877828229475794e-05	0.0003821489778407656
0.057907	1.6200274003049973e-05	-0.00019871826258590562	0.0001993775232139642
0.057967	-2.642553101142596e-05	8.146557639285062e-05	8.564431578485063e-05
0.058027	6.954321095673009e-05	-0.00019470620324979834	0.00020675290511652805
0.058087	-0.0003352560613400456	0.0001494439850415301	0.0003670560329572768
0.058147	2.916992564266107e-05	-0.0003301694762893573	0.00033145552889518506
0.058207	-0.00011687635905945082	-0.0005512815202010665	0.0005635347352401558
0.058267	-0.00017188573080056534	0.00017040318853517872	0.00024203708624051827
0.058327	8.41864800485175e-05	0.0003494316851145547	0.0003594299180437777
0.058387	-0.00038689087536841	5.508498103096143e-05	0.00039079266187905313
0.058447	6.337489211399839e-05	-0.0002509302140829883	0.0002588094845445106
0.058507	0.00015663880883065289	-2.1544529959277182e-05	0.00015811351366360818
0.058567	-0.0001845408537053802	0.00015045886132540248	0.000238103329749181
0.058627	0.00044386936371353135	-0.0003075877504444381	0.0005400279958177401
0.058687	-0.00013096431629077248	-0.0001838346677327361	0.000225714060709374
0.058747	0.00010329288563100512	0.00021743518049112485	0.00024072282388088576
0.058807	0.0001745307834250024	0.00034886898259206143	0.000390090452815453
0.058867	0.0003653173965643692	0.00033581300014886174	0.0004962128286345971
0.058927	0.00018999774323955455	-0.0003299707921754704	0.0003807622173023883
0.058987	-0.00022643984717750495	-6.499515875792462e-05	0.00023558305340524733
0.059047	1.4004393826512056e-05	0.0001211094884623507	0.00012191649290420187
0.059107	4.853280143898205e-05	-5.628143752589595e-05	7.431711125640573e-05
0.059167	0.00024111721575668758	0.00013048884178329834	0.0002741620862996992
0.059227	-0.00044837960659165955	0.00017102326483020607	0.00047988876702885453
0.059287	2.9915419057592867e-05	0.00024580667799337276	0.0002476203853553439
0.059347	-0.00023106414733926832	-2.3480473824414477e-06	0.00023107607732548448
0.059407	-7.752472229799511e-05	4.0974229713934544e-05	8.768677248041198e-05
0.059467	0.00018180593720684137	-0.00013514273161628702	0.00022653246282237284
0.059527	0.00018589685896332523	-0.0003596125407375089	0.00040481949264841105
0.059587	2.2975195529977195e-05	-6.606019673733497e-05	6.994146983454155e-05
0.059647	-6.530132687136193e-05	0.0001602933849607973	0.00017308446652819777
0.059707	5.1043906151713986e-05	0.00020842019225388633	0.00021457972153577775
0.059767	-7.190180955302023e-05	3.319342288416454e-05	7.919389837459557e-05
0.059827	-0.00016907482040065587	-0.00011067174609998543	0.0002020755558654576
0.059887	0.00013503458149907174	-0.0001383290076969746	0.0001933112841275933
0.059947	-0.00027129699940720914	0.00018948299250337082	0.0003309167060385252
0.060007	-1.9771977575942922e-05	4.590022731057629e-05	4.997761463321517e-05
0.060067	0.0002116729067418166	0.0004519722431595331	0.0004990834880410189
0.060127	0.00010129810155765645	-1.668378525519651e-05	0.00010266281736649738
0.060187	1.924572271403068e-05	9.486995782731104e-07	1.926909114813597e-05
0.060247	9.778968722751969e-05	0.00037747003708540525	0.00038993134245058237
0.060307	0.00013149611448804124	0.00034050008959597293	0.0003650089576165462
0.060367	-5.5239379376152e-05	-0.00038226748608406356	0.00038623803534982437
0.060427	0.00011202953725720961	-0.0001135969307760168	0.00015954585516332183
0.060487	0.00015097494458647347	9.084859326913753e-05	0.00017620130757707196
0.060547	0.000438849636535475	-0.00021215872211380592	0.00048744263955493433
0.060607	6.866052871419692e-05	-1.3963308120995259e-05	7.006598445033732e-05
0.060667	-1.5578023038491134e-05	-0.0004117894179258753	0.00041208397143970417
0.060727	-4.478492335300123e-05	-0.0003375318029711765	0.00034048995194676054
0.060787	7.967123412816013e-05	-0.00015871508075714498	0.000177589364566832
0.060847	9.161093408733954e-05	-4.836962964576208e-05	0.00010359625628575125
0.060907	-4.0501943266525825e-05	0.0001265623381050073	0.00013288503615897112
0.060967	-1.7542429698398014e-06	0.0002936576630190932	0.00029366290269326246
0.061027	3.7511422791606745e-05	3.4656543439242325e-05	5.10703714790363e-05
0.061087	0.0003269209644385587	0.0001714285692263709	0.000369140991135417
0.061147	3.2196919967848145e-05	0.00033272731895263487	0.00033428148383185156
0.061207	0.0002596938435723166	-3.523953724665055e-05	0.0002620738777038279
0.061267	0.00024528290835899825	0.0002976091036737925	0.0003856616181610077
0.061327	-0.0002419807174011445	-8.957487744488417e-05	0.00025802776258232094
0.061387	0.0003374713106109358	0.0003568434999639329	0.0004911457715912579
0.061447	-5.821569941825011e-05	0.0001950650626380044	0.00020356681045967346
0.061507	-0.00023953664091868617	-9.584701254336566e-05	0.0002580008762700152
0.061567	-0.0001125201475440534	6.0560881013566655e-05	0.00012778264323637592
0.061627	-0.0001269365910641753	-7.413558984928927e-05	0.00014699994501119962
0.061687	0.00026001643503969303	0.00024230082656435454	0.00035541276995139094
0.061747	-9.860821647962679e-05	0.00016971998255265922	0.00019628665984974093
0.061807	-0.0003572110269203096	-0.00024022497913114892	0.00043047387650358424
0.061867	-4.3753341961240336e-05	-0.00023283591101070622	0.0002369111993742861
0.061927	-0.00023120039385258456	0.00010646459537531707	0.00025453552244435396
0.061987	0.00011786516864709563	-0.00022816430683594415	0.00025680955763782463
0.062047	-5.983378723521565e-05	-0.0001815694087135504	0.00019117408892289084
0.062107	0.0002927163627317161	0.00022956104523402858	0.00037199615925413167
0.062167	-0.00016442710894557465	-8.640867252969177e-05	0.00018574911263460558
0.062227	0.0003082770705589567	-0.0002379786017703841	0.0003894464881508101
0.062287	8.310887881275751e-06	-0.00018717163390833492	0.00018735605513911442
0.062347	0.00017958068391169395	0.00012871099168459185	0.00022094284648891172
0.062407	0.00015945514766348116	4.032625250221604e-06	0.00015950613211657822
0.062467	0.000269492856683349	0.0002121379193126504	0.0003429706935200917
0.062527	0.00012964080476732275	0.00014753178821352495	0.00019639848979612719
0.062587	0.0003630588519288313	-0.00013630170048036335	0.00038780134543051775
0.062647	-0.00031683958693767855	-0.00040690681151631976	0.0005157135611065667
0.062707	-0.00025794767939361793	4.5477677596739526e-05	0.0002619259904326901
0.062767	0.00011609680600958394	0.00013000921846841723	0.00017430107645219982
0.062827	0.00042395070604696577	5.882449385796464e-05	0.0004280122921545204
0.062887	-0.0005371379296020699	-0.00014012708822904048	0.0005551150838094273
0.062947	-0.00040785049126529837	0.00024159579455544476	0.0004740364449831067
0.063007	-0.00027116200974229327	-0.0002877942316333608	0.0003954166856480845
0.063067	-0.00023730114267409217	-9.48858241150077e-05	0.00025556829211076637
0.063127	-0.0005006075292650324	-0.0001050555718464767	0.0005115120443673155
0.063187	2.3362652462659443e-05	-0.00030130336171604714	0.00030220775852297726
0.063247	4.0501827565532335e-05	-6.644335339341204e-05	7.781463388277268e-05
0.063307	0.000297355292726747	-8.768877224392066e-05	0.00031001530750957376
0.063367	0.000423950168783211	-6.888644871031849e-05	0.0004295102890819176
0.063427	0.0003214210272530338	0.0003370755071223021	0.0004657589229012716
0.063487	0.00027173116375718895	3.143666003821102e-05	0.0002735435777919019
0.063547	-0.0002798553240571654	4.550536345195047e-05	0.00028353084577526156
0.063607	8.092923674154465e-05	-0.0001269332373910249	0.00015053766344053324
0.063667	0.000196387523049571	-0.00015803889715866842	0.0002520800512231659
0.063727	0.0003284319801576537	-0.0001246603359454492	0.00035129441348861454
0.063787	-8.297232283111653e-05	-3.3128690136568565e-05	8.934157188093231e-05
0.063847	0.00029232263459082403	-0.00035677476771607596	0.0004612382871932689
0.063907	2.8267817653894453e-05	-6.291955752467699e-05	6.89778242192008e-05
0.063967	9.094384860991103e-05	-0.00019864280320804653	0.00021847138683665904
0.064027	0.00030858143433698906	-0.00011918906384921009	0.0003307998406268125
0.064087	-0.00010793114435596564	-0.00012037128778978	0.00016167368012808496
0.064147	-0.00019422517666380128	0.0001803616244024145	0.0002650542110723059
0.064207	0.0001377055654028694	0.0002032811940543813	0.0002455322109196652
0.064267	-0.0001877354254521844	-6.372108622422287e-05	0.00019825480271435427
0.064327	0.0001189065044879734	0.0003172382814767684	0.000338790324601931
0.064387	0.0001692332305801002	2.2089078207572686e-05	0.00017066872504544476
0.064447	9.314935538070402e-05	-4.4706987563033014e-05	0.00010332239420765413
0.064507	0.00030303081117925845	-0.0003144472713429121	0.0004366975600790121
0.064567	-8.802241737664032e-05	-0.00029930295062196915	0.00031197788737640425
0.064627	-0.00031670075038069416	-0.000207547632124392	0.00037864942214684114
0.064687	1.5019866261349992e-05	0.00013943584163089495	0.00014024246972235214
0.064747	0.00013970647065408297	0.0001475928841855872	0.00020322784603700426
0.064807	-0.000321886832665334	-0.00018390681404591852	0.00037071936730610766
0.064867	-0.00023137840870524127	5.876033382311612e-05	0.00023872315523629817
0.064927	0.0002559925833159928	0.0003749563468890687	0.00045400932235493925
0.064987	-0.00017493549407042387	-0.0003205428216130075	0.0003651713674061695
0.065047	0.00014665624402100251	0.00029284748707158537	0.0003275174874636318
0.065107	2.0433587951010238e-05	0.0004381184404626164	0.00043859468691486315
0.065167	-8.148143945888278e-05	-0.0001221842278903659	0.0001468611947433918
0.065227	-0.00010563815769142746	7.994725982496073e-05	0.0001324801295061213
0.065287	3.458217208676072e-05	-0.00019055248115328066	0.00019366510966074843
0.065347	0.00016744654172865794	-7.858738427175486e-05	0.00018497113640663954
0.065407	-0.000195971618443092	-0.00018574689667829133	0.0002700125642647406
0.065467	-7.68087948748311e-05	0.00014938375723396352	0.00016797350355177935
0.065527	-4.9537070881821114e-05	3.709537662396079e-05	6.18868997318824e-05
0.065587	-5.5237191989074784e-05	0.00020697489466920278	0.00021421894034413832
0.065647	0.00010901655588318489	0.00015447895217658405	0.00018907235684310626
0.065707	7.959036024004587e-05	5.5912204396022395e-05	9.726664404390058e-05
0.065767	-0.0001389801092456071	0.00016348481950542726	0.0002145757604545374
0.065827	-1.4610627026537047e-05	-5.2946348307089846e-05	5.492527852605074e-05
0.065887	-0.0002706544929267985	0.00018671085600348032	0.00032880814815179805
0.065947	0.00012664005372501385	0.0003725840508090844	0.0003935182055823857
0.066007	-0.00028373112012392335	-0.00017222055368111295	0.00033190852299542616
0.066067	-0.0003495608719840172	0.0002262044063553537	0.0004163667093762474
0.066127	0.0003541910949181046	-5.625899897647755e-05	0.0003586312962990278
0.066187	-0.00015497834438194712	0.0002186440636003488	0.0002679990928623505
0.066247	-0.00016131104880397939	-0.00021295045420247858	0.000267150052238965
0.066307	-0.000111333473974496	-2.7873524081130512e-05	0.0001147696639880554
0.066367	-0.00021829137122184993	-9.244656047182481e-05	0.00023706009637428703
0.066427	-1.645407090568329e-06	-0.00017960781472411218	0.00017961535144431475
0.066487	-9.536853699109441e-05	0.00013544091879849973	0.00016564842387660543
0.066547	-0.0001443130586276973	9.793573722851962e-05	0.00017440661546218607
0.066607	0.00013201019072386122	-0.000636049987545558	0.0006496047083508976
0.066667	0.0001708828424564943	-8.966060412121739e-06	0.0001711179011247066
0.066727	-0.00024638357308076234	0.00026377662875242867	0.0003609473298973687
0.066787	0.0002271478148086551	0.0002250564320260253	0.0003197601090952904
0.066847	3.8197520687962324e-05	-1.2170000242733388e-05	4.0089393767123e-05
0.066907	0.00011820398347670718	0.00024798412058762255	0.00027471495367631187
0.066967	-9.681382372908818e-05	-0.0001944443095692543	0.00021721304286094551
0.067027	0.00033613366650584776	-0.0001999646562215471	0.0003911159744838684
0.067087	-0.00033125553611396076	2.232202616850372e-05	0.00033200678164521717
0.067147	-6.60412585311732e-05	-0.00010905858547493314	0.00012749597207039348
0.067207	9.50377908623887e-05	0.00016768881483882365	0.00019274781532887064
0.067267	-3.0535027118388174e-07	-8.545837171821226e-07	9.07497723294601e-07
0.067327	4.9702425446220116e-05	0.00037357362918712334	0.00037686547668800254
0.067387	-0.0003552554915624961	0.00011567569224087112	0.00037361387830314263
0.067447	8.226791401851305e-05	-0.00025672379594003593	0.000269583228482075
0.067507	-0.0003328459168921924	-0.0001683059469932561	0.00037297894871574316
0.067567	8.637398395885157e-05	6.989807762348404e-05	0.00011111348415193608
0.067627	-2.106357874869953e-05	0.00042127585400382077	0.0004218021094261516
0.067687	-0.0004072165810614409	-4.062763731955453e-05	0.0004092382543281338
0.067747	0.00021514288356165728	-7.453533666428138e-05	0.00022768833250494543
0.067807	8.742468213250644e-05	-0.0001007636292801784	0.00013340308853877043
0.067867	0.00025135098336216634	6.893413986093643e-05	0.0002606323703523704
0.067927	-0.0002507579595723258	3.660738125766145e-06	0.0002507846791422905
0.067987	2.0827208799346962e-06	0.00011830904568885299	0.00011832737645224295
0.068047	-8.854130095301371e-05	0.0006747164896703745	0.0006805012148465017
0.068107	0.00013994468016354072	0.00033881650382077474	0.00036658032785108474
0.068167	3.9162480532678565e-05	-0.0003848835919339391	0.0003868708818474755
0.068227	0.0001922211383780785	-0.0002517330116788017	0.00031673091924888565
0.068287	-8.719001130057431e-05	-0.00013068858491687064	0.00015710380103030094
0.068347	0.00014305478508446151	3.412499026955014e-05	0.00014706864552466091
0.068407	0.00014892473520277327	0.0002754510025726381	0.0003131322908508281
0.068467	-0.00020906467887638232	0.00023651116338625755	0.00031566686611047076
0.068527	-0.0002298656333332347	-7.153208497065632e-06	0.000229976907056973
0.068587	-0.00024264235490940926	-0.00028980137928965146	0.0003779684534907221
0.068647	-6.55377459503513e-05	-0.00011816477589593005	0.00013512257548902834
0.068707	-0.00016238616966919104	-8.065126244338282e-05	0.00018131159431636663
0.068767	0.0003662820924403127	-0.00044505255881683366	0.0005763977371154964
0.068827	-0.00019341384281999473	-5.726723335970413e-05	0.0002017137838896302
0.068887	0.00011591824604612247	8.664086264183794e-05	0.0001447193105488387
0.068947	-8.619597813891879e-05	3.51133798450751e-05	9.307360577236434e-05
0.069007	0.00030817175287824823	8.26016755474875e-05	0.00031904994291694284
0.069067	0.0004075455784292393	7.207402932639148e-05	0.00041386962222487983
0.069127	-0.0002989950414669401	0.00011648677520721069	0.0003208850317792846
0.069187	-0.00028651808805566637	-2.9066595452675586e-05	0.000287988683378851
0.069247	-0.00014987574598569585	0.00016630668779441473	0.00022387642493107164
0.069307	-0.00016088172742617787	-0.0005613417967473358	0.0005839413866092711
0.069367	-0.00010035881273179998	9.845515457374336e-05	0.00014058914878139136
0.069427	5.112875596178101e-05	-0.00019195054556919573	0.0001986433025060529
0.069487	2.8119570415469002e-05	1.286139674705464e-06	2.814896793158447e-05
0.069547	5.36044940422811e-05	5.349396377313343e-06	5.387075109120498e-05
0.069607	-0.00020826782353280737	-0.0004440895504986326	0.0004905007800005726
0.069667	0.00013635419924779978	0.0002375830823627356	0.000273930992546457
0.069727	2.6593307245718438e-05	0.0006097007680432242	0.0006102804523682228
0.069787	-0.0005632886819639113	2.3323856505658464e-05	0.000563771355702768
0.069847	0.00025394093515857295	-3.9736488217977344e-05	0.00025703110131870816
0.069907	0.0002679406520743031	-4.3591300780808365e-05	0.00027146343130846496
0.069967	0.0001956585400855773	-5.6956942335841535e-05	0.00020378016976307543
0.070027	0.00019305021424808656	4.904998068469872e-05	0.00019918405013052986
0.070087	3.51112605996623e-05	0.00010010512978064328	0.00010608410639345006
0.070147	-0.00020775388998256936	-3.95152754929807e-05	0.00021147845233067056
0.070207	-0.0003760336893026029	0.00019451394554103523	0.00042336392205815943
0.070267	0.00022116704631622408	0.00014395998636129107	0.0002638926676688572
0.070327	0.00016985903690732053	0.0001642188643814966	0.00023626241308729337
0.070387	-7.869974749052536e-05	-9.871800090941183e-05	0.00012624933250763383
0.070447	2.932468439097999e-05	0.00020502264845673413	0.00020710920668778624
0.070507	0.0001199829599256954	-0.00012558575912576095	0.00017368849578404633
0.070567	-0.00018866712535757244	0.00010523355745134351	0.00021603098343653203
0.070627	-4.721197409913961e-06	-0.0003140164483494543	0.0003140519376456526
0.070687	0.00023526908394366785	-0.0001831804688468235	0.0002981721416005102
0.070747	-2.3469218398915247e-05	-0.00013568279095252275	0.00013769758157978655
0.070807	0.00015883323884498108	-4.0262423393447054e-05	0.00016385682927330187
0.070867	0.000416581979029051	1.7073652300239462e-05	0.0004169317148582369
0.070927	0.00029152324480995667	-0.0002747050978896769	0.00040056047367545254
0.070987	0.00013865274699785811	-0.00010056758649929371	0.00017128462775259482
0.071047	0.00010444960238864271	-7.716947579879322e-05	0.0001298647274443915
0.071107	-0.0002658196806168552	-0.00014724396390763885	0.000303876434608676
0.071167	-1.9454038408748835e-05	-0.0001419051990951007	0.00014323248633124136
0.071227	-0.00018404267365655942	0.00011604778593941877	0.00021757480173056803
0.071287	9.65535016162421e-05	2.0614603585370774e-06	9.657550565835772e-05
0.071347	0.00042568334575694147	-0.00021136084447870095	0.00047526804798300233
0.071407	2.334841430357166e-05	-0.00044034207236352916	0.00044096064353170883
0.071467	0.00011709904781568877	0.0002368653144320282	0.0002642297564248292
0.071527	8.218729306307094e-05	5.68412748638295e-05	9.992838270071484e-05
0.071587	0.000485604826197639	9.114168710140403e-05	0.0004940838535654948
0.071647	0.00045713771556363556	-0.00011177868000892132	0.00047060531690077214
0.071707	6.989284323695078e-05	5.087003452969129e-05	8.644518464782732e-05
0.071767	-9.593114480634359e-05	0.00035753353036790735	0.00037017969944500603
0.071827	-6.445665607516813e-06	0.0002188587138462667	0.0002189536097705767
0.071887	0.0001668728644723385	-0.00038341879299258046	0.0004181584911455114
0.071947	0.0002915964991268559	-0.0006440902599170954	0.000707022475755269
0.072007	-1.921726826934633e-05	-1.39046840080415e-05	2.3720110393914912e-05
0.072067	1.0887127060835438e-05	4.364093782270537e-05	4.4978450281040266e-05
0.072127	0.0004079236756909083	0.00026543260332684743	0.00048667873602413416
0.072187	0.00020668851836039222	0.00023950505585915876	0.0003163586815690585
0.072247	0.0004735273180534834	-2.18372030107559e-06	0.0004735323532529516
0.072307	-0.00018857827631277966	-6.827173671145044e-05	0.00020055621738230078
0.072367	-0.00010708379903534622	-0.0001778327036289792	0.00020758470679661055
0.072427	-0.00025281494293680337	7.716611905502754e-05	0.00026432935005813075
0.072487	-0.00011337610061935523	0.00026791441728678305	0.00029091626833466477
0.072547	0.00019308205441656765	0.0001835590311308367	0.0002664105809599421
0.072607	-0.00014399742031109914	-0.00024567308328377757	0.0002847639740318449
0.072667	-0.00011504924236603787	-0.00010556562773553012	0.0001561423386791547
0.072727	-0.00023567736065612693	1.140530381758142e-05	0.00023595317179688318
0.072787	-0.0004547145492910341	0.0001915852872212782	0.0004934270398109612
0.072847	0.0002432733309653995	0.00033383966314342114	0.00041307485307957647
0.072907	0.000234365851533873	0.00013965469709851594	0.00027282006302117086
0.072967	0.00032192419901535624	0.00023812226447602507	0.0004004215313277606
0.073027	0.0001340472767971886	7.012174364151805e-05	0.00015128030720509814
0.073087	-0.00036207572436658473	-0.0002315687021823775	0.000429794013459957
0.073147	9.339986264610672e-05	0.00013971133385461983	0.0001680559167353195
0.073207	-0.0003498449138631837	0.0002123660203874242	0.0004092563870865429
0.073267	-0.0001687122156176599	-0.00010214938226579977	0.00019722653978586214
0.073327	-0.00016932490676882576	-0.00010564290597494722	0.00019957792371678556
0.073387	-0.00016392229185809758	0.00015247471106227752	0.00022387285516903637
0.073447	8.945797482728173e-05	0.00011036067019614825	0.00014206409393770678
0.073507	-0.0002190418905013055	-0.0002401126059670979	0.0003250129433402564
0.073567	0.00031015198219534566	0.00029636536922245343	0.00042898331451708373
0.073627	0.0001980346063346352	-6.757555004345339e-05	0.00020924664936335113
0.073687	0.00010307901503724625	0.0001882373222678565	0.0002146126110824378
0.073747	6.46901172009827e-05	0.00016641624482619362	0.00017854741052596786
0.073807	-0.00028897167007805994	2.1223482783241766e-05	0.0002897499997051832
0.073867	3.549372101760568e-05	5.3255187525354556e-08	3.549376096993134e-05
0.073927	0.00033656413601607863	-1.3744877343509619e-05	0.0003368446812782378
0.073987	0.00018037135411006253	-0.000139674878560278	0.0002281291237091967
0.074047	-4.061183567261751e-05	0.0003333215129173074	0.0003357864681165434
0.074107	-0.00011675794991895366	-0.00026745147341024887	0.00029182650581910814
0.074167	-0.00016811409286208103	-2.065111451552429e-05	0.00016937773392501653
0.074227	-0.00018334440301380044	7.858725273035423e-05	0.00019947713254453867
0.074287	0.00011896631517969982	9.948227060917373e-05	0.00015507967730490202
0.074347	-0.0001851027976816821	-6.181504436778511e-05	0.00019515159599597687
0.074407	-0.0001157272190896272	-8.291453916549381e-05	0.00014236435664605372
0.074467	0.00018630936026704445	0.0002843073019120725	0.00033991442988440154
0.074527	0.00028088109797189207	8.100985613041162e-05	0.00029232993002456254
0.074587	-0.0005425079268901727	-0.0002886718922942445	0.000614529341967829
0.074647	0.00015340091761453017	5.493828654584799e-05	0.00016294188182776573
0.074707	0.00018691755799532934	4.210497155921722e-05	0.00019160115374636916
0.074767	6.380689901824783e-05	-0.00022742721570485685	0.0002362085070559237
0.074827	-0.00013561396616077338	-4.423833556412223e-05	0.00014264704045769498
0.074887	-0.00021306347722563693	-2.155404446896046e-05	0.0002141509331299993
0.074947	9.337265123974e-05	0.00018262530930028472	0.00020511083734547713
0.075007	0.0003690945477106001	-0.0003285114952027574	0.0004941159657712385
0.075067	-2.607830738698555e-05	0.0002074393073325592	0.00020907210321509194
0.075127	-0.00017426558656337312	9.392155049487588e-05	0.00019796401770937568
0.075187	0.00016917493622967315	-0.0001164673070589058	0.00020538936842462763
0.075247	0.00010985958456442296	0.00015507657053312633	0.0001900470232573594
0.075307	-8.8136547945905e-05	-4.96857848116018e-05	0.00010117671815277272
0.075367	-2.9854531564073766e-05	-0.00031859850100957423	0.0003199942154171821
0.075427	-0.00025484401643711106	-0.00046805393051273383	0.0005329352255032666
0.075487	-0.0004572162710509995	-0.0002750129753172778	0.0005335530480717383
0.075547	-0.00023860324004359448	0.00013122686360030652	0.00027230864086487345
0.075607	-0.0005397826413285914	-6.679391122344419e-05	0.0005438995554844627
0.075667	-0.0001156633610012151	-0.0003523043760035087	0.00037080505178505735
0.075727	-4.9864678344709284e-05	7.608792376224627e-05	9.097174445326812e-05
0.075787	0.00037611850178902477	5.172275128496613e-05	0.00037965822839562837
0.075847	2.247403300950587e-05	0.0004167048360062373	0.00041731043901476687
0.075907	-3.1562915342232424e-05	0.0002229425977388336	0.00022516576007785975
0.075967	0.00016428158013290011	9.967904816894828e-06	0.0001645837072659416
0.076027	8.330052061895823e-05	-7.079473836629835e-05	0.00010932004260766696
0.076087	-1.1116982135413747e-05	-2.5695985404617608e-05	2.799769557862628e-05
0.076147	-2.051416942290019e-05	-0.0001280212164454715	0.00012965439833376155
0.076207	0.00010838191553842076	-0.00029454616337741974	0.00031385359959085223
0.076267	0.0001247762395009634	-0.0003450051887846266	0.00036687557868072607
0.076327	0.0001223891467880158	0.00029529929772706984	0.00031965728286650864
0.076387	-0.00010303898354081293	0.00020530694456824758	0.00022971280681989282
0.076447	-0.00019163916186495998	9.753528790029019e-05	0.00021503185983964523
0.076507	-0.00012140069052347897	-1.3197576691267632e-05	0.00012211594363595364
0.076567	0.00013322547936375325	-3.492353551084402e-05	0.000137726837196964
0.076627	-0.0001127141333104687	0.00011124781759722626	0.00015836840836503925
0.076687	-4.981968928280536e-05	-8.025159894800316e-05	9.445803604747673e-05
0.076747	0.00028755787887892236	-2.8031201280993212e-05	0.00028892089220165535
0.076807	-0.0004379601814618885	0.0003421915657197789	0.0005557914970525224
0.076867	-0.0001321510757662963	0.0005379490027836655	0.0005539431707514133
0.076927	0.00015706276327840296	-2.095665052137032e-05	0.00015845470270623872
0.076987	-9.787252502490104e-05	-2.441679409489101e-05	0.00010087225083551068
0.077047	0.00034842494236931925	0.00017076979960353988	0.0003880235365563494
0.077107	-0.00010163368672546947	0.0003066156744510869	0.0003230210180414051
0.077167	0.0003132574080558665	0.00033635835996737636	0.0004596380641568133
0.077227	-0.00036866520885133055	0.0002789677891406363	0.00046231705959807464
0.077287	0.0005379570771393172	-0.0003922704300143554	0.000665788184866572
0.077347	-0.0001466991886959152	-0.00020647209555651997	0.0002532812235589927
0.077407	-5.174593939317917e-05	0.000235200760798706	0.00024082574638931918
0.077467	0.00012485814427037865	0.00042909599132475487	0.00044689252171144775
0.077527	-0.0001290196078388768	9.405519758991815e-05	0.00015966351931664323
0.077587	8.667954269021354e-06	0.0005563461363725224	0.0005564136562736784
0.077647	-6.503581805419404e-05	0.0001476045037125284	0.00016129707730210132
0.077707	-2.0642048836609625e-05	0.00022164517585141725	0.00022260430849015177
0.077767	0.0001218395489863743	0.00030497835608271086	0.00032841539759292026
0.077827	5.1447780975925786e-05	0.00024005653715438236	0.0002455076683077337
0.077887	-0.00012090605845359063	0.00013813453758390696	0.00018357403259803082
0.077947	-0.00017410356242146888	-0.00010258010943238486	0.00020207604830609283
0.078007	-0.00023783088580787816	-0.0001098142401569424	0.00026195934338253067
0.078067	1.0698870130715932e-05	-8.307925789630263e-05	8.376532047735679e-05
0.078127	-0.0003640317415267321	8.19383079882874e-06	0.0003641239455215014
0.078187	-0.0004421204875708894	-4.6835177881657234e-05	0.00044459426381491634
0.078247	-0.00019466128484363793	0.00010935255076496451	0.00022327336647208972
0.078307	0.00032382573123468036	-0.00031218878154358525	0.0004498054463113401
0.078367	-5.862657317270496e-05	0.0003248504390253927	0.00033009829265987563
0.078427	-0.0003761931144217919	-4.4482465910355176e-05	0.0003788138713297512
0.078487	0.00018905056550844396	-4.463766576395034e-06	0.0001891032562678681
0.078547	0.0001548923098234352	-0.0003118831283544386	0.0003482279618218363
0.078607	-0.00011887524149024253	8.533354353631312e-05	0.00014633228178302738
0.078667	-1.1891403353899826e-05	-6.4063103194901625e-06	1.350726788194956e-05
0.078727	0.0002761597929430569	8.815310951098303e-05	0.00028988825770425304
0.078787	4.871434506069212e-05	-2.3844576192432766e-07	4.8714928626382674e-05
0.078847	0.000243226970862148	-9.78952625357737e-05	0.00026218856150054344
0.078907	-8.531934327246917e-05	-2.1815927694301715e-05	8.806432329614774e-05
0.078967	-9.721471109278404e-05	0.0003722038942205677	0.00038469005566274913
0.079027	0.00020044759448782884	-0.0002609262685478804	0.0003290315421874895
0.079087	-0.0003017744733820246	0.00022143071872653158	0.00037429853857682454
0.079147	-8.320088889228456e-05	0.00024366161441567364	0.00025747498956620756
0.079207	0.00013550167579704783	-0.000197499521603322	0.00023951360123665067
0.079267	0.000443595700948881	-5.375712895409152e-05	0.00044684110689787246
0.079327	4.801367210338005e-05	0.00013943433678723451	0.00014746947814428188
0.079387	-5.966716192592031e-06	2.9194513264475652e-05	2.979800843802459e-05
0.079447	-0.00023394389011151777	-0.0001467632908190854	0.0002761688020985668
0.079507	0.000302931553302556	-0.00010717584840007397	0.0003213318976799144
0.079567	7.360158582254517e-06	1.7386267326571808e-05	1.8879995389484426e-05
0.079627	-8.663981108300844e-05	0.00020815207147216496	0.00022546339330954074
0.079687	0.0004239669181328635	0.0003301076215959096	0.0005373257759560641
0.079747	-0.000341682710283856	-4.149563591160783e-05	0.00034419320491059984
0.079807	0.0003611750310179144	-6.669844980434974e-05	0.0003672820254751038
0.079867	0.0002632437276790461	3.500817549086457e-05	0.0002655613535768316
0.079927	0.00017268017843107775	-3.863995687513382e-05	0.00017695053063017656
0.079987	6.921325793101985e-05	-3.7039215803001685e-05	7.850081898125148e-05
0.080047	-0.00019291678208717812	-0.00011495896170553118	0.00022457169832212952
0.080107	-0.0002874466179500749	5.4982783305903155e-05	0.00029265793109191525
0.080167	-2.8373692816571414e-05	0.0003796303957591631	0.00038068924837498104
0.080227	0.0001277267117504952	0.0008906510354387141	0.0008997629575741867
0.080287	0.00010020087719275594	0.00021969676557074397	0.00024146818546641748
0.080347	0.00017994815341748974	-0.00022323984688163586	0.00028673570959003456
0.080407	-0.00037690031843675234	-0.00029346866345631025	0.0004776795018300015
0.080467	-3.1302990384626746e-05	6.621919619307967e-05	7.324519882884893e-05
0.080527	2.0226141998872803e-05	1.489837464760163e-05	2.5120875528111382e-05
0.080587	-0.00021319626494059257	-2.0466781631832748e-05	0.00021417641451612843
0.080647	-1.8736963814458573e-05	-8.45992754524816e-05	8.664935787453468e-05
0.080707	-0.00023712804259779462	9.598462311207013e-05	0.0002558178188872457
0.080767	9.684922027156906e-05	-0.00018699769485865109	0.0002105894331386551
0.080827	1.2076211015870844e-05	-0.00024055733081904072	0.00024086025882922495
0.080887	-0.00012211895941192967	-0.000420515668255071	0.0004378886473703805
0.080947	0.0002931062432090099	9.020048253890458e-05	0.0003066714803472121
0.081007	0.00024113634809257883	3.851985904875925e-05	0.0002441936074359065
0.081067	0.00021294957479795786	0.00024556955546286283	0.0003250414250166571
0.081127	0.0003829271673190329	0.00043630076017072794	0.0005805097490968895
0.081187	-0.00020566240723250608	9.054938175928172e-05	0.00022471363173082605
0.081247	6.115947403482127e-05	-9.24130147488397e-05	0.00011081807866582618
0.081307	0.0004950882161908303	0.00026150341245753184	0.0005599074714075107
0.081367	0.00025987479865645396	0.0001589562948178925	0.0003046342309048102
0.081427	0.00016669120574519037	0.0004975467507921181	0.0005247272885000164
0.081487	-0.00026501742596356465	-0.0001751967155824919	0.000317691871496968
0.081547	-0.00025367642557954593	-0.00012098422439595924	0.00028104966010921757
0.081607	-9.95838988025355e-05	0.00028263491253624907	0.0002996655580561216
0.081667	-5.311641191311335e-05	0.0002349220332140464	0.0002408520602028246
0.081727	-5.0945239583497214e-05	-0.0005011751187074759	0.0005037577960167689
0.081787	-8.094130909792982e-05	0.00016131782894549695	0.00018048528320662387
0.081847	0.0001051350453324551	0.00043446785598576134	0.00044700748946960794
0.081907	0.00036110366803320665	-4.650851679552517e-06	0.0003611336172227414
0.081967	-0.00012786913032392908	-4.618093269699289e-05	0.00013595290741489182
0.082027	0.00020298938187752268	-0.00017649601557427987	0.00026898983748204164
0.082087	-8.212198731016624e-05	-0.00010933863232512136	0.00013674413083748487
0.082147	-0.00010835109618930748	0.00032562599757572576	0.0003431796181922976
0.082207	0.0003083753402460529	0.0002480878427391218	0.0003957814146556406
0.082267	-0.0003088400375712266	0.00042132150643735755	0.0005223925541138971
0.082327	0.0003032430803744082	3.761276083280414e-05	0.0003055668266884112
0.082387	0.0001375224962771908	-0.00016784150550954658	0.00021698665386152467
0.082447	-0.00022967689046063817	9.285677364421083e-05	0.00024773747076952286
0.082507	0.00010633369414829035	0.000213299156535506	0.00023833460657231558
0.082567	0.0002558346050463004	7.545250952835925e-05	0.0002667291253937666
0.082627	0.00016469273969052148	-0.00015547215497850264	0.00022648463409341793
0.082687	2.4342021456831488e-05	3.5665011403039366e-06	2.4601909254946736e-05
0.082747	0.0004902212729966297	-1.7978664344420387e-05	0.0004905508422885904
0.082807	3.138945213720825e-05	-0.00017634708780333062	0.0001791189355768666
0.082867	-2.4782166896517325e-05	7.236528773577064e-05	7.649111494263707e-05
0.082927	1.93943343626348e-05	-0.0001436094863347124	0.00014491316286207277
0.082987	-0.00016177587862212955	0.0004044157282764976	0.0004355726302023256
0.083047	-5.105389768643799e-05	8.274081559322944e-06	5.172002411665724e-05
0.083107	-0.00018291700778481934	-0.00025184697886309145	0.0003112644093040804
0.083167	-5.227155494406287e-06	-0.0003161773175657029	0.00031622052320746995
0.083227	4.959389399730306e-06	-0.00014215868398789142	0.00014224516503694363
0.083287	0.0004978324483053223	0.00040500126131392915	0.000641765664593818
0.083347	0.0002471615075471851	1.0646108054742365e-05	0.0002473906837973299
0.083407	0.0005270825477580426	-9.072953246621868e-05	0.0005348344231747317
0.083467	-8.086157500564078e-05	0.00010624491853322331	0.00013351620510830932
0.083527	0.0001540083413632071	-0.00024652321003576863	0.0002906755275144191
0.083587	-7.035703620303125e-05	0.00023451724249482192	0.00024484372479328476
0.083647	-7.919884680168554e-05	-0.0003577597890231046	0.0003664212384354558
0.083707	-9.84332941527897e-05	0.00018279251051745116	0.00020761073021171645
0.083767	-9.29749626085293e-05	-0.00033512883860643193	0.000347786834336427
0.083827	1.1782985441348629e-05	0.00036320833054388866	0.00036339940853335155
0.083887	0.0005813412546036069	0.00011513344638794784	0.0005926325714819109
0.083947	-8.093326243149265e-05	0.000224678868456014	0.00023881119508615943
0.084007	-0.00015197357287307132	4.6644975247886906e-05	0.00015897081671703992
0.084067	-6.6979474379655e-05	0.00045859028947114517	0.0004634558270055557
0.084127	0.00010631066181081372	0.00015918468261768838	0.00019142027059522036
0.084187	0.00017036790528723948	-0.00019916560480005293	0.00026209189473795766
0.084247	7.51801057710137e-05	-3.145438397323812e-05	8.149494815555567e-05
0.084307	-0.000274508905195946	8.237178707790066e-05	0.000286601204355955
0.084367	-0.00015359598974489398	-0.00023999905206265474	0.00028494082378045874
0.084427	0.00019807133209636578	-0.00019295789498135178	0.0002765230584129707
0.084487	0.00029082200620525987	4.9839229680454975e-05	0.00029506166831425826
0.084547	0.0002834293437122134	-0.00034351181671653583	0.00044534544019337495
0.084607	-0.00018388235634531828	5.6181370945665226e-05	0.0001922734183823678
0.084667	7.304005215359698e-05	9.894960671854132e-05	0.00012298729157256112
0.084727	8.332580111029299e-05	-0.00013697305791460153	0.0001603271896003572
0.084787	9.475309240412127e-06	-0.00028752697540678895	0.0002876830601056963
0.084847	-0.00033309642604782935	-1.6201740057132756e-05	0.00033349021788759553
0.084907	0.0001917668065794854	-0.0002382690710815945	0.00030585398205643766
0.084967	0.00048719526170471546	-0.00010832674014159202	0.0004990930831590739
0.085027	-0.00025921400976715346	2.4911544776775766e-05	0.0002604083100108966
0.085087	-0.0002845197536537579	-0.00043510085533171144	0.0005198694495059139
0.085147	-6.157232657585203e-05	4.0491455671997885e-05	7.369334693444683e-05
0.085207	-0.00023264604703823516	-1.1430002722198712e-05	0.00023292665833851264
0.085267	-0.00012815624982364366	0.00011601019209653647	0.00017286523374911297
0.085327	-9.106169020879584e-05	-0.00041463631111212415	0.00042451796418567836
0.085387	0.0002560730563561891	0.00018275167206762108	0.0003145974949600065
0.085447	-0.00033182388705577803	-1.6397712513932748e-05	0.00033222880217779934
0.085507	-0.00029441030279439405	-0.00010672081516255769	0.0003131561252481701
0.085567	0.00031396993696148517	-7.679268380730927e-05	0.00032322474781787413
0.085627	0.0001683738634301865	-0.0002811626378714813	0.00032772272856983355
0.085687	-2.834156034893455e-06	-0.00017706090816068943	0.00017708358941222706
0.085747	0.0002586848480923506	0.0001974579543632301	0.00032543431652773495
0.085807	0.00016141869743179594	-0.00011571130680676485	0.00019860791123091487
0.085867	0.0001265765769810895	0.0003004339903769052	0.0003260095281031523
0.085927	-0.00010381644249552154	-5.88712008800789e-06	0.00010398322901005026
0.085987	0.00038755694620672045	-0.00021130998336227406	0.000441420769359172
0.086047	0.00013531808235789329	-4.561941699451162e-05	0.00014280096155116297
0.086107	9.287553499096718e-05	-0.0004112237449290696	0.0004215813484884582
0.086167	-0.00019748895983941666	-8.226972205498305e-06	0.000197660244688012
0.086227	-0.00018815010165601034	-6.546143237983688e-05	0.0001992125997079175
0.086287	0.0002465347757175474	-2.982303530644058e-05	0.0002483320540586547
0.086347	0.00018013898046347976	-0.00010144818652034413	0.00020674086879639565
0.086407	0.00030940390151387563	-9.806850480153001e-05	0.0003245738835858729
0.086467	9.610520572712582e-05	-2.2797568682325845e-05	9.877216058018849e-05
0.086527	0.00017692597138270228	8.295807310742041e-05	0.00019540941953603182
0.086587	0.0001429361977836631	0.00014281201862772173	0.00020205452061603372
0.086647	-0.00013111742083238466	0.00030915824807626485	0.0003358133416041149
0.086707	3.5011424463172205e-05	-0.0001751225709739979	0.00017858811468707356
0.086767	-9.684701830209922e-05	-0.0002491550526079301	0.0002673155161865236
0.086827	-0.0001220673695513357	6.933478037072148e-05	0.00014038430994323597
0.086887	-0.0002694060217205981	0.00036560469476225744	0.0004541435867338906
0.086947	0.00012987480890383992	1.2739321704267854e-05	0.00013049810843569252
0.087007	-2.340938576364621e-05	-0.00028614655245408653	0.00028710250577657884
0.087067	0.00030977314416780996	0.00042705268437795977	0.0005275731191806801
0.087127	9.236715779641595e-05	-0.00018531108080031548	0.00020705527886718817
0.087187	0.00025338178563575557	0.00015852225294378722	0.0002988839807857524
0.087247	8.545858884278766e-05	1.0011512650151167e-05	8.604301710507814e-05
0.087307	-0.00026574172712505423	0.00018278541553197106	0.00032253553861024694
0.087367	-0.00011876284309345154	3.159137923470904e-05	0.00012289275056564969
0.087427	0.00011008398199638762	0.00016583540808939076	0.00019904739553271167
0.087487	-0.00012965047996956006	0.000203816506311435	0.00024155830600775565
0.087547	-7.233401008730007e-05	0.00015532612332007405	0.00017134297067855593
0.087607	-0.0004166029980887519	0.00045899232723447804	0.0006198645129999449
0.087667	5.2884546238105045e-05	-4.204287962233274e-05	6.756018766809512e-05
0.087727	-0.00010460784433662603	7.705681304703542e-05	0.00012992518437055054
0.087787	-3.3413381863332425e-05	-0.00010603371655197122	0.00011117375199825113
0.087847	0.00016119630318379578	9.07033319232878e-05	0.00018496308437660833
0.087907	0.00011320510272428177	0.00020427909542635969	0.00023354944682235271
0.087967	-9.006837828698521e-05	-0.0002496972656293126	0.0002654449796662257
0.088027	-0.00014254871259594378	-9.728878220150099e-05	0.0001725840160762638
0.088087	-0.0003867101681177878	8.639298789315036e-05	0.00039624298414330785
0.088147	0.00024100610166070643	-5.626740209875537e-05	0.00024748729578835714
0.088207	-6.12561233546029e-05	-0.0004252778446197467	0.00042966679854609637
0.088267	-0.00022935183150488432	-5.160200186493453e-05	0.0002350851531065149
0.088327	6.430767712054672e-05	-3.273672245029157e-05	7.216072569914962e-05
0.088387	-0.00020032047186710987	-5.019467214071652e-05	0.00020651342949158435
0.088447	-0.0003399070105788753	-0.00022381848787438925	0.0004069784900397634
0.088507	0.00018121631441496465	0.00031963553775416213	0.0003674319387390483
0.088567	-8.014159968965735e-06	0.00010465849681890359	0.00010496488801690128
0.088627	0.00010349520637011246	0.0002110067094400253	0.0002350214653394439
0.088687	5.919415039744578e-05	-1.809444987012266e-05	6.189795277210558e-05
0.088747	9.06323140040823e-05	-0.00014786751763714928	0.00017343303928002652
0.088807	5.090428285332945e-05	-0.0003418203328929239	0.0003455899101418343
0.088867	2.2472437181452685e-05	0.000154125732063684	0.00015575542275324107
0.088927	5.3819002622395927e-05	0.0003095630595391413	0.00031420657675246613
0.088987	-6.428243310197696e-05	2.0499102699455875e-05	6.74718046075024e-05
0.089047	2.5135505338073262e-05	-8.331428289520042e-06	2.648030071475255e-05
0.089107	4.140796109307514e-05	0.0003162167070101229	0.0003189163292059714
0.089167	0.00023467373701473746	2.9904235032451082e-05	0.00023657139750472421
0.089227	-0.0004564742196739481	0.0003946978530605256	0.0006034526563348015
0.089287	-1.2939115474132988e-06	-0.00017742579491383752	0.00017743051289983823
0.089347	-0.00011851623609523519	-6.302523762955178e-05	0.00013423218241704558
0.089407	-0.00015465704987080892	0.0002870121074996731	0.00032602876088797103
0.089467	0.0004912080656954484	0.00011053433904805043	0.0005034910167153465
0.089527	-0.0001785069981540313	-0.00012498757067306454	0.00021791429786206698
0.089587	-1.454524805627168e-05	-0.0003040152392712053	0.0003043629904409317
0.089647	0.00023775855542238665	-0.00010082891004336506	0.0002582549123967889
0.089707	0.0001410663940149328	-0.00041043899640998144	0.0004340044899472919
0.089767	-0.00015652376492083887	-0.0002509660305906358	0.00029577633018112515
0.089827	0.00016504013051013805	-0.0005686818962528425	0.0005921463871413319
0.089887	-0.00011499335998410421	0.0001539906823959348	0.00019218897758508277
0.089947	2.478655218211415e-05	4.6226260375025476e-05	5.245226703714834e-05
0.090007	-0.00027050750229996845	-0.00022477897830341305	0.00035170996273590783
0.090067	0.00032216622418386047	0.0005887397022931275	0.0006711225767779578
0.090127	0.0002257873213214775	2.9374847927068932e-05	0.0002276901318903974
0.090187	-0.0004464989116952037	-3.148270583801341e-05	0.0004476074607419811
0.090247	0.0001015965547789222	-1.2610690684153428e-05	0.0001023762153162439
0.090307	8.976588225168881e-05	6.790245749611432e-05	0.00011255513027150593
0.090367	-3.7855344608198364e-05	6.826094534715556e-05	7.805500480489904e-05
0.090427	-0.00013010090364862394	0.00024405735457632682	0.00027656868487408955
0.090487	2.134792435553177e-05	0.0001582524572645381	0.00015968586069077615
0.090547	0.0002686659000392442	-0.0001425914385255972	0.0003041606223440114
0.090607	-8.643549384126315e-05	0.00013960648975322435	0.00016419825387865785
0.090667	0.00030620743886324085	0.0001810171879657901	0.0003557108628566572
0.090727	0.00022445614960104032	0.00048510159324680925	0.0005345129735229234
0.090787	-2.9644806138642903e-05	-0.00014255427950876274	0.00014560404231085127
0.090847	-0.00019963207449339484	1.1239899608915383e-05	0.0001999482445778278
0.090907	0.0003236797703184743	-0.00023942342889783587	0.000402606721278492
0.090967	5.858409181345851e-05	-0.00025308523693061733	0.0002597772756917634
0.091027	0.00022951624154625373	-0.0002958565531229045	0.0003744446623458322
0.091087	0.00038811355148005774	0.00025046182053676386	0.000461912602544089
0.091147	0.00014561364526990988	0.00016488200059926671	0.00021997592552460766
0.091207	8.193314300019769e-05	-0.00018473679589761514	0.00020209087975563855
0.091267	-0.000188078980496536	3.658939507859309e-05	0.0001916050279529056
0.091327	-0.00015524834017569163	-0.00012815988757156215	0.00020131319854809003
0.091387	0.00019788925975321213	-0.0005020353077293505	0.0005396291405517107
0.091447	0.00015491723715434376	8.169706621365255e-05	0.00017513926171893357
0.091507	-1.4786462305505872e-05	-0.0003235607737014915	0.00032389846209239704
0.091567	0.00013263657894686622	0.0002695163015734546	0.00030038558368963316
0.091627	-8.494383834339398e-06	-0.000375189368045144	0.00037528551324403613
0.091687	-0.0005447305343530067	8.600823986530596e-05	0.0005514787143501009
0.091747	0.0002552451685411094	0.0003586176661139707	0.00044017806228003996
0.091807	5.6891626429660065e-05	-8.153228790129583e-05	9.941916881684228e-05
0.091867	0.00017270663434542814	-0.0003355771725650621	0.00037741173841533714
0.091927	9.114519243131517e-05	-0.0002223933505701684	0.00024034610144782313
0.091987	3.85100241046195e-05	-0.00022648995803373724	0.00022974055594662086
0.092047	0.0003160951840006708	-0.0001165234961131688	0.0003368885431338584
0.092107	-9.792825752993825e-05	-0.0001332683702112304	0.0001653795698434588
0.092167	-2.3836025981724652e-05	-0.00018769091372524687	0.00018919840176285718
0.092227	0.00030656176860940877	2.4770360390698534e-05	0.0003075608699539227
0.092287	-0.00029362256256293515	-0.00026144404641254704	0.0003931503512024259
0.092347	0.00032762993042095417	-0.00034671495690206976	0.00047702477152370543
0.092407	3.7995372575849476e-05	0.00014944484812674097	0.00015419925735489872
0.092467	0.0006681014815751744	0.00014008555176436008	0.0006826298788480243
0.092527	6.076082658638092e-05	-0.00018371653176578196	0.00019350359710224466
0.092587	-7.36022746544791e-05	-0.0001460614409945457	0.00016355806118842483
0.092647	-0.00024090928317302895	6.666621735035648e-06	0.00024100150739010058
0.092707	1.845154501746905e-05	0.00016725799786022715	0.0001682726875097187
0.092767	0.00015778464486115412	-0.00010471156420547995	0.00018936870341299504
0.092827	-0.0001872884180416753	0.00038493774726877867	0.0004280817921903657
0.092887	-0.0002742465746190738	-0.000311336933068952	0.0004148998307821736
0.092947	4.797408660611586e-05	4.926096571914128e-05	6.876158614570724e-05
0.093007	0.00013778287358848533	-2.541979987150163e-05	0.00014010812424626818
0.093067	-8.900972056483255e-06	-0.00028395131719525027	0.0002840907915446538
0.093127	1.9757350494000272e-05	-0.00026246401997099606	0.00026320660074906593
0.093187	0.00017311691434292262	1.5534102501603916e-05	0.00017381246897776105
0.093247	0.0002584247241398783	-0.00022395001609606173	0.00034196044764884506
0.093307	0.00010498340495861931	0.00017706513965626926	0.0002058484369583592
0.093367	0.0001630117857602145	-0.00039610013814792233	0.00042833183600747825
0.093427	0.0004021169724123571	-3.153762115088789e-05	0.00040335180804099206
0.093487	-0.0001694460079516856	2.2210714820711912e-05	0.00017089548110938948
0.093547	-3.3458918245565756e-05	6.156943513069548e-05	7.007349393655472e-05
0.093607	0.0001860896570477794	0.00012900903898794124	0.00022643474247728042
0.093667	0.00020677860700483772	-0.00020019410958796262	0.00028781082993622445
0.093727	-0.00025596540903640965	-0.00021644581199766768	0.0003352119928560227
0.093787	-0.00013853357408378234	-0.00018610514262383721	0.00023200576557375811
0.093847	-0.0001916038321431532	0.00045093514972618996	0.0004899536077533494
0.093907	0.00010114090110264158	0.00014267812543471652	0.0001748900493264812
0.093967	0.0002739570456618755	-0.000149514899027429	0.0003121012141901489
0.094027	-1.3709799188214007e-05	0.00045755852219533303	0.0004577638690715533
0.094087	4.423005091657627e-06	0.0002934159585958952	0.00029344929329066193
0.094147	7.881759359751377e-06	-0.0001076087150458016	0.00010789697717922202
0.094207	-2.463274782890628e-05	3.69594364823472e-05	4.4415900426481776e-05
0.094267	-0.00012935155484685053	0.00029629586621591705	0.00032330027076688076
0.094327	-0.000337100885280202	0.00014720014957040738	0.0003678381313706427
0.094387	0.00013149919194498344	0.00037997067187349833	0.000402081769004989
0.094447	0.0001421325529070961	0.000157019966967906	0.00021179455286312433
0.094507	0.000263114738651591	4.695116359579803e-06	0.00026315662601068026
0.094567	0.00020798514379921954	0.00016772880244995427	0.00026719051482505476
0.094627	-9.047419458029171e-05	0.0002584786377700649	0.00027385541088030546
0.094687	0.00011477210238726908	6.623742576243483e-05	0.00013251427114853646
0.094747	-0.00013807969562363128	0.00031779324162673037	0.00034649465618843256
0.094807	0.0004161698640844242	-0.00010535198327605243	0.0004292975613164437
0.094867	-0.00019325959507577055	0.00015862961023912405	0.0002500252473920728
0.094927	0.0001605920806635386	-0.00016807506192870682	0.00023246299235401562
0.094987	1.6212942462082484e-05	0.0002738498296062701	0.0002743293434517386
0.095047	0.00022160274981213653	-5.878447827427905e-05	0.0002292670792117341
0.095107	0.0005102955968857329	0.00012601713969160667	0.0005256252616617854
0.095167	8.982140207021189e-05	-0.00015705120518206682	0.00018092253955491095
0.095227	-0.0004468400414820488	-0.0001763113865949008	0.00048036624331305344
0.095287	-0.0004378460980769063	4.6684540869743594e-05	0.0004403278914143307
0.095347	0.00010971956140293934	-4.476377343779621e-05	0.00011849969437447391
0.095407	-0.0002603898501587587	-0.00012128339349889158	0.0002872499531841699
0.095467	-3.444713426381264e-05	0.000387315984416186	0.0003888447978863397
0.095527	8.545024091895833e-05	7.323536233487708e-05	0.00011253960178278913
0.095587	0.00010266160805286764	-0.00010144638362071055	0.00014432870302791815
0.095647	-6.818738304230777e-05	0.0002835623832318503	0.00029164558009729056
0.095707	-4.473132732031294e-05	-8.04939325504907e-05	9.20878103837849e-05
0.095767	0.00015928270661781822	-5.843691275295318e-05	0.00016966394254406037
0.095827	-2.95862496166969e-06	6.436223429742211e-05	6.443019994862715e-05
0.095887	7.313195836485598e-05	-0.0002513545722093973	0.00026177739456425213
0.095947	0.00010134093405136089	-0.0002707027836329453	0.00028905013748660885
0.096007	8.029225932087595e-05	0.00024742203525237385	0.00026012402894634264
0.096067	0.0001737366771494969	-3.7074790038469355e-05	0.00017764845353491007
0.096127	1.770876725745367e-05	-0.0001182353364048191	0.00011955415179967362
0.096187	0.0001556494977536094	0.00010910459116467414	0.00019008045129408115
0.096247	-0.0004860882687933469	-0.0002462040786304778	0.0005448837063014415
0.096307	-0.0002517638386235024	0.0005362145899349162	0.0005923775121470356
0.096367	-0.00010054386933176134	0.00023864249299905687	0.00025895812233835646
0.096427	0.00013541263510294401	-1.229605858850783e-05	0.0001359697569400456
0.096487	0.00019678354134461683	-0.00011367791474403943	0.00022725851016998597
0.096547	0.0001671264614620694	-0.00012786899811606322	0.00021043225703308498
0.096607	0.00014998302065890502	-9.345513946523235e-05	0.00017671663639407456
0.096667	-9.500247347357218e-05	0.0005260568176678663	0.0005345664087659638
0.096727	-9.72231589698958e-05	-0.00022666927323468307	0.0002466400252773767
0.096787	-0.00014786752843022792	-0.00011258829275930188	0.00018585190241296573
0.096847	-0.00016081340279661978	0.0003262251006224733	0.0003637083540354424
0.096907	4.139546462338052e-05	-0.0002740656771602049	0.00027717427710497816
0.096967	-0.00013106227111525496	9.303287568137228e-05	0.00016072471766170337
0.097027	7.18826919068879e-05	-8.361354728007007e-05	0.00011026489325500244
0.097087	3.984746999481111e-05	0.00014145730961208992	0.00014696255069805383
0.097147	1.1905848314520018e-05	-0.0003208736976979533	0.0003210945018190842
0.097207	6.2458978247939e-05	0.00011886305058261324	0.0001342741552108275
0.097267	9.165634777955065e-05	3.5893016339999574e-05	9.84337071854424e-05
0.097327	-2.9916959063752897e-06	5.176726633705092e-05	5.1853641226122086e-05
0.097387	7.23514297098357e-05	0.00030783393704690327	0.00031622217218097484
0.097447	-5.112592770758425e-05	-0.0002767833443198049	0.0002814655932379956
0.097507	7.19007894156211e-05	9.61412755102516e-05	0.00012005360625706999
0.097567	-6.02546818290089e-05	-0.0003403037567236762	0.0003455969813562643
0.097627	-0.00022155741417269055	-0.0002340577028907912	0.0003222897703269575
0.097687	0.00025480773890751174	-2.2623335225475197e-05	0.00025581008405432907
0.097747	4.965854300457341e-05	0.00033560483726155255	0.0003392588653030164
0.097807	-8.371273744084057e-05	-8.777162184800813e-05	0.00012129171452192787
0.097867	3.83166752337401e-05	-0.0002794419937350677	0.0002820567238404317
0.097927	-0.0003087990550204112	-1.7258095190640313e-05	0.00030928093738720485
0.097987	-1.1085183282177561e-05	7.919570754652963e-05	7.996775213918995e-05
0.098047	0.00020165881883882713	4.9032536473296736e-05	0.00020753425945726667
0.098107	-9.208117820382072e-05	0.0002522083066886222	0.00026849203590078034
0.098167	-0.00036859451392198155	3.999711526453116e-05	0.00037075825671570154
0.098227	0.00010957616615475846	-7.484254701426669e-05	0.0001326964318765126
0.098287	6.169016398535127e-05	-4.4543150101318165e-05	7.609052867136679e-05
0.098347	0.00027499105217855665	0.0001114457140221307	0.0002967157325659902
0.098407	-0.00025319777796473775	-0.00010611370118385137	0.000274534574043446
0.098467	0.0001267094936838283	4.095575288175156e-05	0.00013316406979258042
0.098527	0.0004150882132381676	-0.0001433053905418678	0.0004391294339117019
0.098587	-0.0002742171555972713	-0.0005753122696794835	0.000637321940676466
0.098647	-0.000171355397575924	0.00011360209881763105	0.0002055920940458893
0.098707	1.1805834958235423e-05	0.00016453000219484158	0.00016495302167979727
0.098767	0.0002467915152511906	0.0001434962142697861	0.0002854771716087628
0.098827	0.0002548418876459044	-2.9204911930740117e-05	0.00025650987228527876
0.098887	0.0001529751578075244	0.00018866085843674974	0.00024288746038510987
0.098947	9.7954738265108e-05	-3.07888008705614e-05	0.00010267950626893809
0.099007	-8.38017725714639e-05	4.108866633002159e-06	8.390244258141211e-05
0.099067	-0.0002530468406109922	0.00023829716160428938	0.0003475891839109291
0.099127	-0.0001289361955209992	-9.373168745354681e-05	0.00015940568292353543
0.099187	9.738588926325783e-05	-4.167832556349805e-06	9.747503401288601e-05
0.099247	0.00020624754629889583	-9.17518734125971e-05	0.00022573536858240984
0.099307	-0.00010056328278624718	-0.0001694034344636152	0.00019700380060500125
0.099367	0.0004331279180727829	-0.00032313071096940914	0.0005403825032193947
0.099427	0.00012583676550514267	-4.299195208526786e-05	0.00013297819180940247
0.099487	0.0001073144648043954	6.617547959332322e-05	0.00012607770800446904
0.099547	0.00010887133162509953	-0.00013724134442384968	0.00017518034555591026
0.099607	0.00043791981963854935	-6.651174751784222e-05	0.0004429419611982328
0.099667	8.617318070862244e-05	0.00010096831816944584	0.00013274192385003068
0.099727	0.00030398912928829974	-0.00046722187146651487	0.0005574097845410782
0.099787	-6.167840998688919e-06	7.640953840677337e-05	7.665807082180768e-05
0.099847	1.2206530624302057e-05	-5.250890979952215e-05	5.3909043751641316e-05
0.099907	-3.1808752391472385e-05	0.00011023853515629169	0.00011473592010398033
0.099967	3.0076631434639874e-05	0.00019068866721058756	0.00019304603482331716
0.100027	-7.6090776906014305e-06	1.9757413512913602e-05	2.117199688319147e-05
0.100087	-0.00037477069085245474	5.0285589724709316e-05	0.00037812922560414187
0.100147	-2.779999709531744e-05	-1.0761177037684047e-05	2.9810111870572316e-05
0.100207	-0.0002128510340644235	-0.00011309084007881339	0.00024102925302134202
0.100267	0.0002725093876463476	-0.000172958430354634	0.00032276304773955477
0.100327	-0.00024342985702605183	0.00015012732672596145	0.0002860005411211797
0.100387	-1.5248234455708015e-05	-0.0001151504910040752	0.00011615568962601809
0.100447	0.00014397494808633535	-0.0002779382978976701	0.00031301514837898335
0.100507	0.00010777121127763622	0.0002588779319808298	0.00028041472437609273
0.100567	0.00015831501553409296	4.079039359860078e-05	0.00016348547444188693
0.100627	5.803086234351826e-05	7.664024989989353e-05	9.613172675579325e-05
0.100687	0.00028817537604087135	0.00015879061377180187	0.00032902812399295467
0.100747	3.60889283993316e-05	-0.0004158377021866288	0.00041740077301421883
0.100807	0.00011699608664648716	0.000351056399601387	0.0003700387547158825
0.100867	-0.0006316041799390262	9.8513891011092e-06	0.000631681003342408
0.100927	-0.00018317124135350254	-8.85448162241992e-05	0.00020344996470670693
0.100987	-0.00020990433391150182	-0.0002561125609677237	0.00033113965827166823
0.101047	0.0002640723350148588	-6.50508935301694e-05	0.00027196657307337104
0.101107	7.484387178874046e-05	7.337629970822389e-05	0.00010481262568603324
0.101167	0.000285194031184607	-2.4080822612376003e-05	0.0002862088772924685
0.101227	-0.00013802514475295738	1.9803254679465505e-05	0.00013943855091033688
0.101287	0.00016787882464204345	-0.00011418845519389282	0.00020303276352047627
0.101347	-0.0003599442971097992	5.4616406742946406e-05	0.00036406434720716383
0.101407	-0.00039669883396735136	0.00033246916897042603	0.0005175960907763329
0.101467	-0.0002175434805477715	-0.00018988406649784526	0.00028875789969903294
0.101527	-1.1534380007652319e-05	0.00013007140869801352	0.00013058182600517805
0.101587	-5.6412863008793946e-05	0.00019039146599831157	0.00019857321430101084
0.101647	-3.036503505604235e-05	-0.00015540701928475824	0.00015834575143314677
0.101707	4.470737939067374e-05	0.0001704700840250069	0.00017623506835892384
0.101767	-0.00021338714817914893	-2.28931865513655e-06	0.00021339942827462032
0.101827	0.0002860744735539858	-0.00015086087847496291	0.0003234155362276643
0.101887	4.369013974721437e-05	3.3622962238631735e-06	4.3819326181813034e-05
0.101947	0.00014778242329477033	-5.8353781356742954e-05	0.00015888614928150674
0.102007	-0.0003961373535386687	-2.8078236300469614e-05	0.000397131200263043
0.102067	-2.0852284683013867e-05	7.103970684619744e-05	7.403686733847621e-05
0.102127	-0.00018669667158756006	-0.00017173787298869995	0.000253672119478188
0.102187	-0.00013706959963268232	0.0002564041795855275	0.0002907424606974208
0.102247	0.0001317395592801486	0.00014796514215415708	0.00019811359057880836
0.102307	-3.688120661472574e-05	-0.00014831269644345762	0.00015282957608947064
0.102367	6.918616594505316e-06	9.2139645593163e-05	9.239903433269986e-05
0.102427	-0.0002610806308237861	0.0001388986788386102	0.00029572950271228857
0.102487	0.0001136222801361553	8.34338481335592e-05	0.00014096534878370914
0.102547	-0.00010476635525639855	-0.00039360971630472415	0.0004073138813779802
0.102607	0.0002321836631077259	0.0002113624471658376	0.00031397983611380757
0.102667	0.0003894351657460157	2.6060066998825143e-05	0.00039030613037923187
0.102727	-0.00037721779293984617	7.44282069139084e-06	0.0003772912123151729
0.102787	0.00023961794328147614	0.00010344292729858693	0.000260992716278722
0.102847	0.0003985947636395906	-0.0001925238018879638	0.0004426547185948626
0.102907	0.0001637168308586474	-0.00010253956847098837	0.00019317754478358884
0.102967	-0.00011558394912632874	-0.00019767026171123758	0.0002289829287537106
0.103027	-0.0001679384605003984	1.978142646391865e-05	0.00016909947175609776
0.103087	0.00014220278593303452	6.027618885314893e-05	0.0001544501578820071
0.103147	-6.619123813985807e-05	0.00020991609662779592	0.00022010462882442422
0.103207	-0.00020860825587011814	-9.048509981916758e-05	0.00022738724174073047
0.103267	7.624535781103318e-05	-0.00015888788575453013	0.00017623482864427534
0.103327	-0.00012103748260578165	9.283071730961885e-05	0.00015253725535672676
0.103387	-0.00015025792677272288	0.00032794347618152566	0.00036072755387973876
0.103447	0.0002989992328741917	-1.9306548830621515e-05	0.0002996219018815285
0.103507	-8.356905320443612e-05	0.00015596849239275348	0.0001769461988084352
0.103567	-0.00012964270670232358	0.0001250342431079038	0.00018011327921802736
0.103627	9.295501691503825e-05	-2.40561655142748e-05	9.601736441355403e-05
0.103687	0.00015387399741017985	0.00047495355637860954	0.0004992575365436931
0.103747	1.2764452559021374e-05	-7.388147947525767e-05	7.497602455841752e-05
0.103807	3.4798360864052874e-05	-8.915116510663225e-05	9.570191303571131e-05
0.103867	-7.783536889802219e-05	0.00012569694789390054	0.00014784474072936495
0.103927	0.0003253533809948454	-0.00023765491802134098	0.0004029077842193016
0.103987	-6.84279338520813e-05	0.0004102589212239252	0.00041592639321769864
0.104047	-3.790362396480868e-05	-5.578537152262261e-05	6.74439944367373e-05
0.104107	0.00022316830296350307	-0.00015297564400631593	0.00027056540633783356
0.104167	-9.787314520119954e-05	-8.897570805321765e-05	0.00013227180037765613
0.104227	9.45737307129438e-05	0.000328213940430062	0.0003415678281594926
0.104287	0.00010487911331044921	-7.746936528620107e-06	0.00010516483934454764
0.104347	3.8629031915532567e-05	-0.00017745072084578297	0.00018160660900809537
0.104407	-0.00038564412514612413	0.00016897557865792434	0.00042103935379308647
0.104467	-0.0001354966048327387	-2.7527651810114315e-05	0.00013826460695123043
0.104527	0.00012967721422451681	0.00026774314774572237	0.00029749382019433434
0.104587	-6.803573704560427e-05	-0.00019044229543170067	0.0002022303869467538
0.104647	2.2353419184019806e-05	-0.0004846382334339575	0.0004851534733001544
0.104707	0.0001540213512504455	0.00020854487849636746	0.00025925574822571973
0.104767	-0.0003927524178381067	-8.504107867489903e-05	0.00040185376292859213
0.104827	-0.00032376300201821114	0.00019481253609376383	0.0003778550061797888
0.104887	0.00027108669704476357	0.00011805993990626133	0.000295679127983883
0.104947	0.00038610196983833786	-0.00010645133429046285	0.00040050794959059754
0.105007	-0.0001400938257197328	0.00015548761512318885	0.00020929089435875556
0.105067	8.124971026976272e-05	0.00024145577802338084	0.0002547595104403299
0.105127	-0.0001602814379921481	0.00016522407274171792	0.00023019368709456677
0.105187	-5.704508828956862e-06	5.338639217730063e-06	7.812969325213831e-06
0.105247	-0.000357458718369583	-0.0002174196852189599	0.00041838744586702943
0.105307	-3.583788673285879e-05	0.00012418243800065145	0.00012925026898719731
0.105367	0.00015798380013068176	7.992188384462907e-05	0.00017704911358435428
0.105427	2.0508445741233502e-05	6.621451163303357e-05	6.931780361149838e-05
0.105487	-0.0004120075639457657	-0.00027439501816258616	0.0004950180388036079
0.105547	-0.00018024972000222259	-0.00010205011922425768	0.0002071332624050634
0.105607	0.00010622059875735207	-5.150494992050573e-05	0.00011804903839796488
0.105667	-0.0001419911521830574	-0.0002728943654373289	0.0003076244820974342
0.105727	-0.00015229370485864168	5.164367390164715e-05	0.0001608118204412559
0.105787	2.0078018451728602e-05	0.00038959699392778434	0.0003901140147476299
0.105847	7.273832092638129e-06	1.690472852821453e-05	1.8403219281542092e-05
0.105907	-1.4841725349563754e-06	0.00022565398917146872	0.00022565886997215698
0.105967	-0.00016637577299699084	0.00012018773875292596	0.0002052461702124739
0.106027	-0.0001262255881648653	0.0001879867355507913	0.00022643301846375966
0.106087	-0.0002268843949381677	0.00019136985681283806	0.00029681467410326025
0.106147	-8.606997886569411e-05	0.00019232800247937808	0.00021070857077880978
0.106207	9.788827875997553e-05	2.4160895088840787e-05	0.000100825909220223
0.106267	-0.0001335974248429056	-0.00013216657452943783	0.00018792624975639047
0.106327	-0.00037260172796023985	1.9938292004001245e-05	0.0003731348056225704
0.106387	3.053712021739772e-05	-6.147558131926866e-05	6.864228150137359e-05
0.106447	-8.364609280674622e-05	-8.826357787948106e-06	8.411048349424508e-05
0.106507	0.0002581251288822305	0.00024227457134533157	0.00035401348855803824
0.106567	0.00027248045488094126	-0.0001406529486357153	0.0003066412402988969
0.106627	0.00011819201675323099	0.00021535772269441397	0.0002456589130243805
0.106687	-0.0002120417440019078	-9.032825424190824e-05	0.00023047970564403587
0.106747	-0.00012608115688211936	0.00013525132256468408	0.00018490370027727897
0.106807	-0.0002692087555471523	0.00039856689394001743	0.00048096665477789574
0.106867	-0.0001010165091830592	-0.00023898412994871013	0.0002594566428035194
0.106927	0.0001553510710195096	0.0003526131528955967	0.0003853180385887509
0.106987	-8.344147425485609e-05	9.611692799241337e-05	0.0001272829268697204
0.107047	-2.3416921142648094e-05	2.4964131551556825e-05	3.422805954073988e-05
0.107107	-0.00018224502450259008	5.418524300854427e-05	0.00019012966500744867
0.107167	0.00018309749323993505	-3.567965939129037e-05	0.0001865414970590366
0.107227	-0.0002581591449006241	0.0003152670998135347	0.0004074794330032605
0.107287	0.00010247595386616932	-1.801578835281659e-07	0.00010247611222935938
0.107347	-6.132405852429221e-05	1.1177623495944264e-05	6.233441602283526e-05
0.107407	0.00022681785783036423	-0.00021342694500520686	0.00031144405835560726
0.107467	-5.4343173936983046e-05	0.00028679908129116826	0.00029190219866079005
0.107527	0.00039362367888832973	0.0001590933187853531	0.00042455892955362614
0.107587	0.000246377761156807	4.6416048922393884e-05	0.00025071188801133204
0.107647	3.092889940347089e-05	-0.00022215975108469488	0.00022430236695212026
0.107707	0.0001585427881566006	0.0004899718841005857	0.0005149837501179493
0.107767	2.397874396577016e-05	0.0002712177574460875	0.0002722756913796395
0.107827	-0.00020871467582745713	9.973475557877284e-05	0.00023131977298994152
0.107887	-0.0002939970080613135	0.00022921278304228025	0.0003727904782300528
0.107947	1.3079080729178057e-05	0.0004345958628628456	0.00043479262455821583
0.108007	-0.00029079816778570025	0.00013157790801139642	0.0003191807015848166
0.108067	0.0002564571975903027	-0.00015572578200092398	0.00030003468695414344
0.108127	-0.00016187161791936776	0.00022464508819345716	0.0002768895742661322
0.108187	0.00037009092955537625	7.146202736135477e-05	0.00037692720450208615
0.108247	-0.00036551580247288796	-1.4976430334946063e-05	0.00036582249154880667
0.108307	8.226075969358285e-05	0.00014978885178771345	0.0001708904113905955
0.108367	-4.686579487086636e-05	0.00011288410244026436	0.00012222611550982967
0.108427	0.0004796258711363128	0.0001684721168183409	0.000508354040417227
0.108487	4.3651471138234945e-05	4.278066402379203e-05	6.111985067757227e-05
0.108547	2.5235704636092108e-05	-0.00015657301562852427	0.00015859366321354135
0.108607	2.949017299449677e-05	8.179145599186615e-05	8.694545748062244e-05
0.108667	0.0004083380049123469	-3.998962293317872e-05	0.0004102914771210019
0.108727	-0.00028476295525669437	5.886349581137339e-05	0.0002907831697771755
0.108787	0.0001667008375627608	-0.00032397349069844013	0.00036434597832205897
0.108847	-0.00013524204248413678	-5.633846689840323e-06	0.00013535933763064034
0.108907	-0.00018199311231885921	-1.0251921689903023e-05	0.0001822816360192129
0.108967	6.881263956170472e-05	0.00035613675921325114	0.0003627238214211555
0.109027	4.2696130763428656e-05	-0.00018224911090614876	0.0001871835943886363
0.109087	-3.307198977450221e-05	-0.00011379455400701011	0.00011850298320843707
0.109147	-0.0002344250521027935	-0.00040242850993848784	0.00046572933197803747
0.109207	-0.0002111852772115049	-0.00021747124763107212	0.00030313852420488436
0.109267	0.00018817957903158555	-7.499627872040059e-06	0.00018832896320726623
0.109327	-2.1194887741775626e-05	0.00012532619579284172	0.00012710577728133435
0.109387	0.00013662602381243297	0.0002609959854008783	0.00029459391503928073
0.109447	0.00033911330559738837	-7.639485793419671e-05	0.00034761186451554525
0.109507	0.0002290239888266728	-7.460409681071414e-05	0.00024086875828762509
0.109567	3.699445195746382e-05	-0.0002261706755570178	0.00022917627267575263
0.109627	2.161509497984583e-05	-0.00015201800205285023	0.00015354701325368764
0.109687	-3.839121966016261e-05	0.00013153820872510616	0.00013702622413831758
0.109747	0.00018806755080401577	-0.00026045966296414	0.0003212610149034807
0.109807	0.00026013492493682047	1.178426272824902e-05	0.0002604017051018169
0.109867	3.2954373727714056e-05	-0.0003872320624994064	0.00038863178070678943
0.109927	4.486699110869755e-05	-8.491851171600405e-05	9.604270156138394e-05
0.109987	0.0003196217839603904	5.3074336223468406e-05	0.00032399841040903926
0.110047	4.27828235925554e-05	0.00013619746723206072	0.00014275895795003537
0.110107	-0.00038571619426677376	0.00011345083063412015	0.0004020548140381052
0.110167	2.032428322047655e-05	0.0002550798044660205	0.0002558882239081146
0.110227	-0.00013881894709815942	-0.0004255956321581303	0.000447663201732642
0.110287	-0.00021859636704672116	0.00024203868978155954	0.00032613969252024333
0.110347	-9.434658567612462e-05	-4.360198978765816e-05	0.00010393465130641162
0.110407	-0.00015065570732883315	-0.00011725261811129709	0.0001909065703549899
0.110467	0.00012346401288214955	0.0003143696644481629	0.0003377449457833738
0.110527	-4.04138868777821e-05	-6.180386053734702e-05	7.384442720943815e-05
0.110587	0.00018307311149165848	-1.9327750101205866e-05	0.00018409053771232208
0.110647	3.1110406226974224e-05	0.0004366363796483953	0.00043774328710794065
0.110707	-0.00014265034121989001	-0.0001936810140109899	0.0002405440812792456
0.110767	0.0005325932858824522	0.00014012894016016532	0.0005507192824275165
0.110827	-6.644949814965087e-05	-0.00029625492991017656	0.000303615742840229
0.110887	-0.0002162954419115587	0.0002585023294565424	0.0003370566310372417
0.110947	-0.00013664753763496982	0.0001917160614380935	0.0002354306644323023
0.111007	7.143650984602374e-05	-0.00021046330754914688	0.00022225656067596257
0.111067	0.0001893876535042506	0.0006391718869523022	0.0006666396210622443
0.111127	-0.0002561339981901354	-2.987408158191331e-07	0.0002561341724076257
0.111187	-0.00029258448008767494	2.6088429984285765e-05	0.00029374527088486043
0.111247	-0.00028564931708875354	-9.320746371312838e-05	0.00030047156877998526
0.111307	0.00017151883088629424	0.0002526159581392809	0.0003053416638050368
0.111367	0.00017819945432173744	4.037324445491309e-06	0.00017824518369157454
0.111427	-0.00012828871187897916	-5.0552575417847254e-05	0.000137889653262835
0.111487	-0.00015959313951062818	-6.512419956605054e-05	0.00017236917226690394
0.111547	0.0003011844357743175	-4.719845154393181e-05	0.0003048602272859463
0.111607	0.00010662675879967063	-0.0001639231820331053	0.00019555069751852513
0.111667	4.345874731586677e-05	0.00014628620371421978	0.00015260509858907914
0.111727	0.00025060806702340336	0.00032899660278130384	0.00041357365474464845
0.111787	-8.220064158458256e-05	2.0960136628968328e-05	8.483084818874572e-05
0.111847	-0.000277339186883292	-0.00022135964218879825	0.00035484801784854084
0.111907	-6.799548012795633e-05	-0.00030991439741510874	0.0003172858632889295
0.111967	-5.603482837184443e-05	-0.00034672046502746214	0.0003512192803072201
0.112027	0.00010343453750656499	-9.636500680103576e-05	0.00014136802355893877
0.112087	0.00018212159523616536	-7.266167230790733e-05	0.00019608160054922886
0.112147	-8.982084059977867e-05	-0.0001129956313941771	0.0001443460983893212
0.112207	0.00031835536941236884	-2.1416022602493864e-05	0.00031907489286654375
0.112267	-0.0001318593410129867	0.00013232478375194726	0.00018680667602465046
0.112327	7.8132285220975e-05	-1.1101972643889916e-05	7.891709441203134e-05
0.112387	-8.522320514434481e-05	0.00020377702422955547	0.00022088021708366714
0.112447	-0.00027282166992288195	2.126802909178596e-05	0.00027364939729690435
0.112507	1.148751553730798e-05	-7.195489978147912e-05	7.28661143178542e-05
0.112567	-0.0003376217445366645	0.00041759369473951305	0.000537003665043525
0.112627	-4.941901078292259e-05	3.123102597103701e-05	5.846037640972052e-05
0.112687	5.745633010264575e-05	5.984926502898192e-05	8.296483829534964e-05
0.112747	0.0004756725355192011	0.00026194733760671386	0.0005430292521830766
0.112807	0.00018981213154226518	-0.0002702141328425364	0.0003302185986107719
0.112867	0.0001438240887370366	9.266678940845914e-05	0.00017109208736908524
0.112927	-6.855062483305789e-05	6.192402670616282e-05	9.237842415038383e-05
0.112987	-0.00015127096821145804	-9.847853034272427e-05	0.00018050187467750803
0.113047	9.86094404716712e-05	-0.00016118016470281795	0.00018895202365617466
0.113107	3.126316937362354e-05	0.00022118001036095617	0.00022337856374897872
0.113167	8.98135625072988e-05	0.00016667875480271782	0.00018933642891117653
0.113227	-7.32898671715543e-05	3.399410140039456e-05	8.078987288048161e-05
0.113287	0.0001803246745203652	-0.00011471043017252928	0.00021371820472585473
0.113347	0.0004491901277629826	-0.00016662050113617444	0.0004790972367678555
0.113407	0.0001294538966853282	-0.00045778204374033866	0.0004757338656624069
0.113467	0.00017297347909597444	1.0808616997695864e-06	0.0001729768560605133
0.113527	-0.0003041387316491737	0.00010404359869302797	0.0003214427453189198
0.113587	8.332997358478903e-05	-5.661222789329625e-05	0.00010074139588413567
0.113647	0.00013840578260644203	0.0002629024313035836	0.00029710915341711906
0.113707	-0.0004033852440386161	0.00014563802615180288	0.0004288707145160265
0.113767	7.663267828178381e-05	-0.00013222072793809333	0.00015282306199366206
0.113827	-7.697774331913203e-05	0.00031854005819366047	0.0003277092333769782
0.113887	-0.00010672907415190653	0.00018670207494205827	0.0002150552488478091
0.113947	0.00015034254457646767	3.382525772476425e-05	0.00015410070982923438
0.114007	4.088521147237157e-05	5.178499009381445e-05	6.597943403938081e-05
0.114067	-4.9525762878129684e-05	-6.92948409485769e-05	8.51737997904831e-05
0.114127	0.0001267848812140529	-3.9369948267822137e-05	0.00013275691669767153
0.114187	-3.0966237450137875e-05	0.00011079957911608304	0.00011504544577739471
0.114247	5.0403559209047204e-05	0.0002051374770142639	0.00021123897191739402
0.114307	0.0003320960751362561	-0.00016593444561394024	0.00037124391356911364
0.114367	-0.00039101841715579214	-0.00016033291427564001	0.0004226133527885043
0.114427	0.00022337567635937386	-0.00017078615858927325	0.00028118428966549344
0.114487	1.5216272715909288e-05	-0.0001530752622439798	0.0001538296813571039
0.114547	9.906820409440886e-06	-8.31999633743511e-05	8.378770193840072e-05
0.114607	9.6930185925829e-05	-0.00015467631948677538	0.00018253828298083334
0.114667	-0.00017298117040446653	-0.00012752440784055425	0.000214906863337547
0.114727	4.0463286019076094e-05	0.00016297714628161792	0.00016792506580484476
0.114787	-0.00020084976546020836	0.00012465518259581734	0.00023638854209419134
0.114847	6.950557225530188e-05	0.00020528976145271042	0.00021673696208041613
0.114907	0.00029941470700269664	-0.0002970712913749338	0.0004217825493411048
0.114967	-0.00012069123691359611	-0.0001348358030468362	0.00018096151096578243
0.115027	-0.00028195638640432296	-3.9195753958793015e-05	0.0002846677202680032
0.115087	0.00015082969184591083	0.00022368090325856687	0.0002697827689547662
0.115147	-0.0002579782797522265	0.00011803628966591085	0.00028369941575902627
0.115207	2.1746979699460193e-05	-0.0003342211816425599	0.0003349279465565657
0.115267	-0.0002856640545152813	-0.0003558150863262455	0.0004562985072290541
0.115327	0.00021673156819630333	0.00022400665380682336	0.0003116914397325645
0.115387	-0.00029243308014855005	0.00046103631165332647	0.0005459593272653848
0.115447	-0.0004173097488951498	0.00010842950786610219	0.0004311663074719755
0.115507	-2.4167728071192393e-05	0.00020933854316379028	0.00021072898408634058
0.115567	0.00026585347771571955	-0.00035138836895997217	0.00044062666448354225
0.115627	-5.545461807715729e-05	0.00021283239382645657	0.00021993826981219817
0.115687	6.313669461124337e-05	3.4789522596436864e-05	7.20871215191826e-05
0.115747	-0.00015820680746395663	0.00021863860263880502	0.0002698744754358713
0.115807	-0.00011595172212476804	-1.832178313310409e-05	0.00011739033009952702
0.115867	1.1849374425469146e-05	-0.0003385428401218345	0.0003387501472649613
0.115927	0.00027620245204667773	-2.9901726952885967e-05	0.0002778163202394025
0.115987	-0.00013863482891051	-0.0002024328321356576	0.0002453541671003566
0.116047	0.00018576212367707606	5.47854112427929e-05	0.0001936724241549613
0.116107	-0.00042630980673614413	-0.0004957091656542282	0.0006538100857535157
0.116167	-0.00038349583716732247	-0.00013400878481251388	0.0004062356600934883
0.116227	0.00024097514723089768	0.00011627600272933706	0.0002675614516212409
0.116287	0.00012793303653442357	0.00017641346052053134	0.00021791872542245477
0.116347	-0.0002691605299448567	0.0001278987888750271	0.0002980025017946911
0.116407	-0.00030732448314856097	-0.00016510361539067	0.0003488660799756841
0.116467	-1.5216773686945129e-05	-4.745743598784731e-05	4.983731967090858e-05
0.116527	-7.39573486894465e-05	0.00010157217364163886	0.0001256447208738179
0.116587	-3.522861579131835e-05	0.00016629185526644919	0.00016998245938487302
0.116647	0.00028175884983753325	-0.00017395146755054314	0.0003311301292917292
0.116707	-0.0005128688747287811	-0.00016270864237417942	0.0005380600198572784
0.116767	-4.0115400699089474e-05	0.00026435663131393476	0.00026738300973117225
0.116827	0.00011778005710350714	6.324171289598526e-05	0.00013368491351429163
0.116887	-0.0005214444301320956	6.757033489474939e-05	0.0005258041877672471
0.116947	-0.00017009299920315443	-4.3663336057213746e-05	0.0001756078451936857
0.117007	-0.0005021928327748986	0.0003936074919270256	0.0006380630838651933
0.117067	2.5094292988171024e-05	-3.315783380640121e-05	4.1583235604136107e-05
0.117127	-0.00044021882975983927	-0.00016515306573173713	0.0004701788523484588
0.117187	-0.000459110829104141	-1.6704306788302575e-05	0.00045941461368351086
0.117247	0.00031901281653007893	-0.0001626844481386467	0.0003580997162476254
0.117307	4.564361630225365e-05	-9.9706803975849e-05	0.00010965758737189931
0.117367	0.000303639313062646	-0.00019132054089844786	0.0003588877008297027
0.117427	0.00015966241146149395	6.94122213184377e-05	0.00017409808184485885
0.117487	0.00026166516022676313	0.0002225411456052183	0.0003435014083868952
0.117547	0.0003139574644772458	-9.34360805302582e-05	0.0003275661622418255
0.117607	-9.823734709770685e-05	-0.00021941627598977506	0.00024040399026225933
0.117667	-0.0001676669872857359	-0.00012760222569427768	0.00021070013437966408
0.117727	5.830656341868781e-05	-6.754108951220382e-05	8.922698084208045e-05
0.117787	6.063242301880793e-05	0.0002815075658194645	0.0002879631926735287
0.117847	0.00033485265599761144	9.575775357975768e-05	0.00034827553545906196
0.117907	-4.206212629971448e-05	-7.32536291454576e-05	8.447080354674844e-05
0.117967	0.0004628782344407093	-0.0002989477325498508	0.000551022691652209
0.118027	-0.0001855208201009502	-0.0002946622406733274	0.00034820081959920063
0.118087	-9.697453550270796e-05	6.952271728181557e-05	0.00011932086470610756
0.118147	4.41235895280118e-05	8.836635233993147e-05	9.876995180064323e-05
0.118207	-0.0005230459846149978	0.0004171116065957949	0.0006689986505059616
0.118267	-0.00045863381986756	7.257165876927411e-05	0.00046433999007498096
0.118327	-0.00010549973413853126	-0.0004542314463148592	0.0004663222069820282
0.118387	0.00017986598282544562	0.00014120714475349496	0.00022867275637294002
0.118447	0.0002666393195847155	-0.00016123440376826655	0.00031159759258875616
0.118507	2.2538020152045302e-06	-0.0004019968079196279	0.00040200312585985445
0.118567	-0.00012308058551036894	1.8592859953911013e-05	0.00012447700579159586
0.118627	0.0001064821074201621	0.00021319242821553436	0.00023830537268193245
0.118687	0.00016029316951273508	0.00023435919653177657	0.0002839333252569312
0.118747	-0.00014513677096148741	0.00021269040846152523	0.0002574915379903924
0.118807	-1.6192550134913315e-05	0.00020118504590982628	0.00020183562960391952
0.118867	0.00014146550571954617	3.4368656685117505e-05	0.00014558054083848714
0.118927	-0.0004503411451188184	0.00019438972993805553	0.0004905043466599646
0.118987	0.0002868731720256911	-0.00025631100509121766	0.0003846966963192587
0.119047	0.00013444210580730739	9.295021605758474e-05	0.00016344547249481987
0.119107	0.0003417230775345792	-0.00017779921239588871	0.0003852106198539993
0.119167	0.00015584553549645203	0.00010734520515316131	0.00018923748044071548
0.119227	0.00010631152500824279	0.00010268821367828517	0.00014780733939157213
0.119287	6.447212201978778e-05	6.339235593083822e-05	9.041706314737547e-05
0.119347	-0.00011371489883787584	0.00015352377322998994	0.00019105137310284297
0.119407	-0.00024672200133492295	0.00039369607205771225	0.000464616339678644
0.119467	-0.00015990373333586643	-3.387581261580822e-05	0.0001634526678128235
0.119527	-0.0003192350889575881	-8.833325173944308e-05	0.00033123074341706723
0.119587	-0.00014955325062017045	-0.00023902786354882102	0.00028195832018894796
0.119647	-0.0001524093807248752	-0.00016447098185786774	0.00022423051354851557
0.119707	3.3460132640428665e-05	-3.1942553350576494e-05	4.6259130891852104e-05
0.119767	0.0005497928085772038	-4.514170269212945e-06	0.0005498113404581878
0.119827	-0.0001892105662748334	9.161286009206374e-05	0.00021022263085664961
0.119887	5.642307972111285e-06	-0.0002962931442774564	0.00029634686262060164
0.119947	1.7234184622806983e-05	-2.7159848570625675e-05	3.2166356554516926e-05
0.120007	-5.255168542086181e-06	0.00018946788833162906	0.00018954075420672038
0.120067	0.0004667750183364354	0.0001440873753292061	0.0004885080239589102
0.120127	-4.5550802935142104e-05	-0.0002186873155492976	0.0002233808801804537
0.120187	-7.529256543965592e-05	0.00012042717004890965	0.00014202701748777897
0.120247	-0.00011290125694644837	0.0002790802776655814	0.0003010523130653308
0.120307	0.00010892299032654699	9.94400944474912e-06	0.00010937596237526008
0.120367	0.00020343762816361465	0.0003771939135326943	0.000428558183866493
0.120427	6.796112093993944e-06	-0.00018892797681486104	0.0001890501720786067
0.120487	-5.578681004710331e-05	-8.055658980055721e-06	5.636543104452e-05
0.120547	1.0079323026735788e-05	0.00023359654412871396	0.0002338138964680147
0.120607	0.00013612000798916726	-0.0001597373983796688	0.00020986827539215156
0.120667	2.6359169011035435e-05	5.747628879559238e-05	6.323234587350583e-05
0.120727	7.468223637591153e-05	0.00010852265675384638	0.00013173687205570307
0.120787	-0.0001315222843521971	-8.973372273464102e-05	0.00015921762552254578
0.120847	-4.5102548550615904e-05	0.0001756588507399817	0.00018135675264255213
0.120907	0.00020172516043744763	-0.00023664481981687386	0.00031095628486923154
0.120967	2.591910139131591e-05	0.00019155809226187738	0.0001933036536849297
0.121027	4.113880548283075e-05	-0.00010670458494031495	0.00011436026304551364
0.121087	0.00012478961383118254	-0.0001562929198971581	0.00019999981132519886
0.121147	-0.00014379816988115146	-0.0001325679864953087	0.0001955816573827639
0.121207	-7.821677818371445e-05	-0.00023985254954213652	0.0002522837884432994
0.121267	-1.501706354360184e-05	-2.9614297880908184e-05	3.320419907860659e-05
0.121327	0.00020028097336484958	7.723393391534158e-05	0.00021465681643034526
0.121387	0.0002059436466617489	2.0551694839931672e-05	0.00020696656193968375
0.121447	1.0682765424789337e-05	-0.00011606965564626317	0.00011656022665971093
0.121507	-0.00018873216276175267	-0.0001828126207136976	0.00026275517797550433
0.121567	8.920445511513188e-06	-0.00018680908399835826	0.00018702194580430808
0.121627	0.0001774508112852278	0.000272031411862998	0.0003247920557309886
0.121687	-1.9970964215834807e-06	-6.161578768383612e-07	2.0899867574440515e-06
0.121747	-0.00015845303081238262	4.716141505750717e-05	0.00016532259991863284
0.121807	0.00019179075173829008	0.00010288406237375248	0.000217643797850673
0.121867	0.00016647544138176856	-0.0001025916889552659	0.00019554827339035414
0.121927	-2.239311551720596e-05	-0.00010588419100365312	0.00010822621460193934
0.121987	0.0002723887765394499	-0.00021497966475090852	0.00034700418130200015
0.122047	-0.00014756196964547518	-0.0001608781300920294	0.000218303246946902
0.122107	-3.529081488780923e-05	-4.539947512169937e-05	5.750264304161521e-05
0.122167	-0.00034726165400632465	9.578691542547375e-05	0.00036023018961482835
0.122227	0.00030244610322449324	0.0001914092066034421	0.0003579261512215054
0.122287	5.4316812997272774e-05	-0.0004060999642012193	0.00040971636176556614
0.122347	0.00014623461573770878	8.575519983196114e-06	0.00014648584362639803
0.122407	4.069879409692031e-05	4.161527560574134e-05	5.8208444444816815e-05
0.122467	-0.0002322252469814221	0.0003314849696927471	0.0004047355315113611
0.122527	-0.00029732491615143983	0.0003223513483813967	0.00043853448845873605
0.122587	-0.0002859698004415933	0.00026480959279753943	0.00038974715804249724
0.122647	-0.00018783827825351405	-6.732300942930528e-05	0.00019953848344583282
0.122707	-0.00027599940056632205	-7.912470482078824e-05	0.00028711737673980296
0.122767	2.436026452319607e-05	0.00013248095222161415	0.00013470198658217962
0.122827	-0.00019371541735777872	-0.0003011875575510747	0.0003581055818409989
0.122887	-6.970705123366988e-05	-2.025257730259849e-05	7.258953009278407e-05
0.122947	0.00014136374289772826	0.00012112566007765386	0.0001861588927107764
0.123007	0.0002067946676885066	0.00023420867477561428	0.00031243837460297565
0.123067	5.81540952542487e-05	-0.00012645115366942536	0.00013918258892249726
0.123127	-0.00018422102566561675	-0.0001328963052434749	0.0002271537238186041
0.123187	-0.00021199805030478624	-4.0865646832952186e-05	0.00021590084396339504
0.123247	0.00014064242216419394	-0.00010368578320594657	0.00017473131531366064
0.123307	-0.00013632990594888397	0.00010522455070395166	0.00017221512513969277
0.123367	0.00012050843908981181	0.00022953909442024402	0.0002592498404225711
0.123427	-0.0001595197237264975	9.332629572357813e-05	0.00018481433854347678
0.123487	8.92900671154886e-05	8.975827496514591e-05	0.0001266067297192657
0.123547	2.7461839101967543e-06	0.00023564739028336337	0.00023566339145787664
0.123607	0.000582590061262612	0.00041830332851122546	0.0007172090728131819
0.123667	-7.951541978952157e-05	0.00029452481464653567	0.0003050697763248271
0.123727	-0.00016457263022734192	-0.00016406939997422597	0.00023238528057484183
0.123787	0.00023447242263582694	3.725371513617931e-05	0.00023741347111771362
0.123847	-0.00010536413832854444	0.00042070604847675106	0.0004336994130393066
0.123907	-0.00014056134684731756	-5.071292611172852e-05	0.00014942989360347395
0.123967	0.0003471557900889656	-3.7654931426179426e-05	0.0003491919765014715
0.124027	-0.000326160831608694	0.00028076560703598884	0.00043036056298174225
0.124087	-0.0001317576303407351	-0.00016021273630855866	0.00020743238423274592
0.124147	-0.00015081247264472688	-0.00013679794325648475	0.0002036125712828678
0.124207	1.186689587686382e-05	-0.00015609656091459045	0.00015654698830419822
0.124267	0.0002691340530704958	0.00025216056232420307	0.0003688063010766095
0.124327	-6.750300336117745e-05	0.0003212361894776695	0.00032825195337257674
0.124387	0.00017895550822748485	0.0002356195964784309	0.0002958744128335804
0.124447	0.00010588937486173049	-0.0005968682252430447	0.0006061882859420743
0.124507	0.0003324112085625465	9.829521690117059e-05	0.00034663981485637355
0.124567	0.00023303813822423734	9.895292708473507e-06	0.00023324813114965169
0.124627	-7.204467341306335e-05	5.720108668278916e-05	9.199130004998797e-05
0.124687	-0.00010473357072678937	-0.00031214576180273786	0.0003292477751611922
0.124747	-0.0001150735724498679	-7.166066659718614e-05	0.0001355624513408048
0.124807	-6.785172050147487e-05	0.0002121041592962575	0.000222692681437407
0.124867	-7.810538339794051e-05	-0.0001850493456697829	0.0002008574401125188
0.124927	-0.0002840377728961622	1.9589418880602444e-05	0.00028471248965209015
0.124987	0.00015220016421330822	0.00013928642636640967	0.00020631431980471752
0.125047	-0.000252385295407604	0.0004614698433680658	0.0005259779022697918
0.125107	-3.102095965083824e-05	0.00025880886518157733	0.0002606613293801649
0.125167	-0.0001854183151151484	-8.333119429292899e-05	0.0002032831511031506
0.125227	-4.707474552342642e-05	0.0001593289858695199	0.00016613776633958043
0.125287	-0.0004300200907504373	8.100030539098528e-05	0.0004375823670149966
0.125347	0.00012135423779920823	-0.00026476428050675055	0.0002912507086070076
0.125407	-1.4834144277117787e-06	0.0001582186750810901	0.00015822562896945585
0.125467	-0.00014225372531859762	-7.03617050752071e-05	0.00015870378668484707
0.125527	-0.00028796867915310977	-0.000411904668216002	0.0005025847350162173
0.125587	-0.00016608620686068466	-0.00025607043072035625	0.00030521581479123737
0.125647	-0.0002836417433548743	0.00019166048797747388	0.0003423249643615782
0.125707	7.727345088789494e-05	0.00010173060389826995	0.00012775093730235646
0.125767	0.0003938694156176028	4.305622981810202e-06	0.00039389294858909753
0.125827	-0.00029014344242197035	0.0005234661711045639	0.0005984981616273719
0.125887	4.254079473221955e-05	-0.00011136779732060257	0.0001192162132282839
0.125947	-0.0005819904050385035	4.277158140126909e-05	0.0005835599709819435
0.126007	0.00012590378644660683	0.0001301710344758711	0.0001810973816986629
0.126067	2.0618494849203536e-05	-0.00041212652287457666	0.0004126419673112947
0.126127	-3.815061799249792e-05	8.52053286440723e-05	9.335640140104949e-05
0.126187	0.00010005215829498451	9.646545938782539e-05	0.00013898208242211954
0.126247	0.0002934680644294331	0.0002207991402279536	0.00036725436030816765
0.126307	-1.4831365917688762e-05	-0.00022226131513337585	0.00022275560962589064
0.126367	-0.000339430098830596	1.5846457359207334e-05	0.00033979979723799915
0.126427	-0.00016208422619310862	-7.460560215186271e-05	0.00017843007664926006
0.126487	0.00013218522184914208	9.009735345386546e-06	0.0001324919175131103
0.126547	0.0006090584509768732	-0.0003347065887811853	0.0006949681268086226
0.126607	5.9976714631169856e-05	4.357003554773455e-05	7.413200587856527e-05
0.126667	-9.495975678907337e-05	-0.0002823725292639385	0.0002979120687255784
0.126727	-0.00013359127208707993	7.621288399811845e-05	0.00015380192347677217
0.126787	0.00010627024853623879	4.1463418957778334e-05	0.00011407269978229766
0.126847	-0.0002296665997658284	7.326029885904606e-05	0.00024106807842788717
0.126907	0.000418163437626788	0.00012079834573555029	0.00043526187623119274
0.126967	-0.00010155908572028651	-4.001770879780853e-05	0.00010915889752909154
0.127027	0.00015988727119457322	-0.0002707573055307293	0.0003144415016951606
0.127087	0.00012347313265940625	-0.00013244899688379493	0.0001810755402152672
0.127147	0.00013998542318420214	0.0001714780302926888	0.00022136086731199906
0.127207	0.00017408899870339096	-0.0003526858109050657	0.00039331191271472186
0.127267	4.041985393174775e-05	-0.00024014228428946322	0.0002435201866285939
0.127327	6.695258491233382e-06	0.00010421591685396499	0.00010443076085127875
0.127387	4.560191488472389e-05	0.00011558206208723481	0.0001242527573838545
0.127447	-0.00011075482226671503	-0.00019620219051981138	0.00022530408389575187
0.127507	0.00039235281741525153	9.558351459119858e-06	0.00039246922862347025
0.127567	-0.00011804977443650578	-8.538882052926778e-05	0.00014569488637522387
0.127627	0.00019350393255748388	7.035559788784622e-05	0.00020589726095644783
0.127687	-0.00010069868718450806	0.0003357421483207855	0.00035051821031116163
0.127747	0.00035385341298621565	0.00014840988400023722	0.0003837156910408501
0.127807	-0.00018405650478832538	1.9994193138203468e-05	0.00018513931163894562
0.127867	0.0003632059031056661	-0.00013766443691131053	0.00038841990839928725
0.127927	7.045215022610072e-05	0.00012220770915038305	0.0001410610848081982
0.127987	-0.000284605135086985	-0.0004819041201960597	0.0005596710319284171
0.128047	-0.0002806100514001342	0.0002372341248259006	0.0003674534404910327
0.128107	0.00017050778310217	-0.00023341941727878957	0.0002890631911212258
0.128167	2.1976379563947636e-05	0.00015546699205649182	0.00015701256917149018
0.128227	-0.00025366178009121024	-0.0002300356806177248	0.000342433516228043
0.128287	-0.00025486434319260784	0.00032767346696395807	0.0004151213489850643
0.128347	5.489038441760464e-05	0.00014484759968219453	0.00015489926221646667
0.128407	0.0001628665455433524	-0.0001703892788726691	0.0002357074839965271
0.128467	-0.0002993499901802168	2.5177186745385682e-05	0.000300406902972132
0.128527	-2.2048040174968315e-05	-0.0002641310722516728	0.0002650496923302787
0.128587	0.00036986022207644747	0.00016785942747406533	0.0004061691412039571
0.128647	-2.3747403292436205e-05	4.9783594030134673e-05	5.515746003661581e-05
0.128707	5.782663933061014e-05	-1.3997266667581478e-05	5.949658553594361e-05
0.128767	-6.312043205279016e-05	-8.677075398488907e-05	0.00010730029212279453
0.128827	2.0885324136237735e-05	-5.627210634758325e-05	6.0022884944572884e-05
0.128887	0.00040097333734613876	5.657942909850349e-06	0.00040101325362196135
0.128947	-2.4803963964675334e-05	-0.00014931486567471033	0.0001513610443271904
0.129007	-4.917044717132411e-05	0.00019249597631350193	0.00019867670666667562
0.129067	-0.0002561940969109932	2.5658527801519606e-05	0.00025747577622172677
0.129127	0.0004282976067565054	-0.00042282163102028635	0.000601844640760392
0.129187	-9.492186039090668e-05	3.842362272777286e-05	0.0001024037810024464
0.129247	0.0002860469141773309	-5.902373708251252e-05	0.0002920730022606658
0.129307	8.203298777477704e-05	4.754124251271314e-05	9.481340001766271e-05
0.129367	3.087569126764155e-05	0.0002606277121213715	0.00026245020982440694
0.129427	0.00035721518257357326	0.00014033212072722982	0.0003837913375375649
0.129487	0.00021011970761829915	0.0002473816545024177	0.0003245735271305303
0.129547	0.00013648958670246504	-7.810891539014607e-05	0.0001572590536078439
0.129607	9.919128666501282e-05	4.967798791944313e-05	0.00011093607994690044
0.129667	6.0846272913239506e-05	-5.1454905581238875e-05	7.968611068314622e-05
0.129727	0.00010320895068681985	0.0002810881329339038	0.0002994371820234461
0.129787	0.0001648347217046446	0.0003016626370933234	0.0003437598465463146
0.129847	8.503222485080136e-06	0.00018895078770092406	0.00018914202326672527
0.129907	-0.00016875466798979975	-0.0002266721081081547	0.00028259225495852236
0.129967	-0.0001924714946624721	0.00037063365673573685	0.00041762972088072234
0.130027	-8.228186337608136e-05	-0.0003996522622989284	0.0004080346012304491
0.130087	0.0003896615179680319	-5.4939849912258204e-05	0.00039351554695276307
0.130147	0.0002934250520931238	0.00045850152028064923	0.0005443545768114005
0.130207	-3.5143459095632847e-05	-6.779734618950141e-05	7.636453933302761e-05
0.130267	6.382900633527921e-05	-0.0003438463278237362	0.00034972051585175463
0.130327	0.0001935024583965263	2.38670128186411e-05	0.00019496880700867143
0.130387	0.00010192088339113178	-0.00026317297411480737	0.00028221956129166837
0.130447	-0.0001372083823950333	0.0002196776616286932	0.0002590065930012445
0.130507	7.678636080606017e-05	6.818679617859804e-05	0.00010269169576426384
0.130567	0.0002579622193612629	0.00022923682060566741	0.00034510002396288423
0.130627	-5.5777906990920294e-05	-0.00010271940775175291	0.00011688649039627561
0.130687	0.0002377528488400001	0.00019300569825864275	0.00030623131239610715
0.130747	0.00023266535008201227	-0.0003553667404394702	0.0004247572075190239
0.130807	0.00039240371252402496	-1.206852485056357e-05	0.0003925892546857419
0.130867	0.0002556647345634544	-0.0001522692145026189	0.0002975741423320349
0.130927	-8.142359023716947e-05	0.00030485674346525	0.0003155430795998349
0.130987	0.0003008747528677389	7.545560610339599e-05	0.0003101921427206914
0.131047	0.00040998942378905754	4.927130017460141e-05	0.00041293944912030277
0.131107	-1.3581049169909065e-05	7.72735341085817e-05	7.845791209422812e-05
0.131167	-4.795430222110229e-05	0.00013283934415844525	0.00014122997719308276
0.131227	8.042992862818219e-05	-0.0002717958645033809	0.00028344658293984545
0.131287	5.695677242829395e-05	0.00014159793585281547	0.00015262388202121746
0.131347	0.00042160704371732246	8.952537674740762e-05	0.00043100729969900223
0.131407	0.00019547803144670973	0.00016037115852129082	0.00025284495103470396
0.131467	-5.487436159637753e-05	6.157245689877656e-05	8.247643911543278e-05
0.131527	-0.0002426205367947491	-0.00014060336884211331	0.0002804176032354666
0.131587	-0.00015966594430149762	-0.00011224903670609739	0.00019517443482980996
0.131647	-0.00026494318277901817	-5.261583338966096e-05	0.0002701172264487491
0.131707	0.0001752754393642927	0.0003014560457209596	0.00034870793960858296
0.131767	0.00013910898884725062	7.472876858687045e-05	0.0001579104164791371
0.131827	3.1518934673997384e-05	0.00010045416075656869	0.00010528286496999529
0.131887	0.00014886820847288836	0.00023722297944802278	0.0002800651450504407
0.131947	-0.0002896630410082127	0.0001542918898186726	0.00032819302946580524
0.132007	0.0003823061253197423	0.00045619822568191846	0.000595209874390811
0.132067	-0.00014097063556371586	-0.00036436773374360016	0.00039068729885252874
0.132127	-0.0005811214523325345	-7.549743829079672e-05	0.0005860051241666295
0.132187	1.37914083346274e-05	-0.0006321326457415214	0.0006322830732797045
0.132247	-1.7597810235393963e-05	-5.3095121819342576e-05	5.5935452854980666e-05
0.132307	-0.00023665598193213362	0.0003292860668098449	0.00040550631015973105
0.132367	-0.00038730141976918946	-1.1699093445887148e-05	0.0003874780749186791
0.132427	-0.00014974937288245047	0.00021758252179532157	0.00026413448936005835
0.132487	-0.00013266731276684242	0.0001471220959936619	0.0001981048384223451
0.132547	-5.8066953293726736e-05	4.274526621221496e-05	7.210359802651299e-05
0.132607	-0.00025247158867333413	0.00015783112152119685	0.00029774580770831357
0.132667	0.00012346181248318268	-0.0003616347953385994	0.0003821289629709102
0.132727	8.148159021723796e-05	-0.000579913856628903	0.0005856102207565521
0.132787	-7.886924309954945e-05	-2.796880157251879e-05	8.368160710991848e-05
0.132847	5.2702241481560474e-05	-0.00010677880426313428	0.00011907661104115055
0.132907	-0.00022175181294090476	0.00030170910378857603	0.00037443590887024144
0.132967	-0.00022533262105234135	0.00015172917257865834	0.0002716551709828516
0.133027	0.00039644403809994657	4.952046972275527e-05	0.0003995249081929113
0.133087	0.00040877358894138933	-4.7766779079408994e-05	0.00041155499292275027
0.133147	-5.5187628191564466e-05	0.0001327598647724756	0.0001437736276227889
0.133207	0.000319762185370944	0.0001331204450674036	0.0003463652812972824
0.133267	-0.0004834208874541543	2.9419465397351073e-05	0.00048431524792352766
0.133327	5.03232604510573e-05	-0.00017708156451202506	0.0001840932128907838
0.133387	0.0001820626125988732	-3.825908507670878e-05	0.00018603911550325706
0.133447	-7.642462469748215e-05	0.00010079500367515378	0.00012649251371533917
0.133507	-5.759585951185158e-05	-0.00038070884544390374	0.00038504091734793477
0.133567	2.9460244960828876e-05	3.8400557769899344e-05	4.8399471796615924e-05
0.133627	-0.00017384596583784422	3.130829991913917e-05	0.00017664266042471074
0.133687	0.00011210694592862181	-0.0002161735066030854	0.00024351376199820235
0.133747	0.000246591072107391	-0.00025923893163436564	0.00035778761929110937
0.133807	0.00023676308154538963	2.8514671533948286e-06	0.00023678025181124313
0.133867	-6.671450494091266e-05	2.1203064055385663e-05	7.000282204917062e-05
0.133927	-0.0002454320148631469	-0.0004531226016000218	0.0005153221963010675
0.133987	-8.952522801009038e-05	8.55282496597495e-05	0.00012381376312881824
0.134047	0.00045948158644187344	-0.00030349456212762474	0.0005506653044456129
0.134107	9.297194322201932e-05	0.0004314960903186641	0.00044139852535636216
0.134167	-0.00012510604040966129	-0.0001034062708175808	0.00016230951355784005
0.134227	-0.0002840000632081901	-0.000240180448870084	0.00037194446349111184
0.134287	-2.9967297345880617e-05	3.944166173296941e-05	4.953467059014733e-05
0.134347	-0.00027991450129601417	-0.00032847446611106515	0.0004315641353527255
0.134407	-0.00042957105162917436	0.00028214325392616205	0.0005139417322360945
0.134467	5.6479058127003305e-05	-0.0003813984412040216	0.00038555758967989586
0.134527	0.00021899979948424505	2.49012930546717e-05	0.00022041094929684001
0.134587	2.678734688473983e-05	-0.0002626896546489926	0.0002640519202973733
0.134647	-0.00029388260783213963	-0.0001954938458044689	0.0003529657645348067
0.134707	-0.00020157865777060963	-2.0138945864598887e-05	0.00020258216211981202
0.134767	-0.00016909743912748567	9.82915959476979e-07	0.000169100295810673
0.134827	0.0004514255521224639	-3.960329769389397e-05	0.00045315940936639784
0.134887	0.00018166126375920348	0.00047025514997135146	0.0005041237157932259
0.134947	0.0001006259271617651	0.00010315063048772927	0.00014410284447983988
0.135007	0.00018757113805737094	-6.902608962583938e-05	0.00019986878916221942
0.135067	-0.00023781413236069032	-0.00012840317420299984	0.0002702645679623466
0.135127	-0.000255035686654731	-6.374219560407492e-05	0.0002628807124303308
0.135187	-6.13616378020023e-05	0.00010847661323761345	0.0001246291547481844
0.135247	-4.3059139366110444e-05	0.00022575093205898136	0.00022982074059677238
0.135307	-0.0002952697577241339	-0.00035020459143681186	0.0004580693022784795
0.135367	-6.217923090499883e-05	-0.00038711847993729183	0.0003920803160895693
0.135427	0.0002013702516643968	2.6027791582152298e-05	0.00020304537470729655
0.135487	4.308456722360554e-06	-0.0002400668203205084	0.00024010547894233426
0.135547	0.00035729072250413813	-1.1762109678951753e-06	0.00035729265855845684
0.135607	-2.0221674994405864e-05	7.163085491945443e-05	7.443047437757809e-05
0.135667	-5.295696566407827e-05	-4.834539942029488e-05	7.170577283213823e-05
0.135727	6.512800389636945e-05	-0.0004363237688464741	0.00044115766813228677
0.135787	3.2903809685263423e-07	-8.932634906898921e-05	8.932695508111809e-05
0.135847	0.0002217292387884219	5.708278932487207e-05	0.00022895916703814402
0.135907	6.936456890372053e-05	-3.35198762414203e-06	6.944551274367117e-05
0.135967	8.255918208890798e-05	-0.0003353020295003687	0.00034531647735701175
0.136027	0.0003015697706805292	0.00019429342974099296	0.00035873982693426326
0.136087	0.00027650688035251554	-0.0001892446309159326	0.0003350665384856982
0.136147	7.466000901197081e-05	-0.000608888265487383	0.0006134484793313138
0.136207	0.0002611485562584147	-3.265201755490642e-05	0.0002631819193756674
0.136267	-3.8111728006149804e-05	0.0001469969198543405	0.00015185716400051118
0.136327	-7.443162091646596e-06	2.052993590203988e-05	2.183755778617176e-05
0.136387	-0.00017786446509467023	1.0250759355045415e-05	0.00017815960824712264
0.136447	-3.247664400022625e-05	-0.00021571512015402275	0.00021814615620858853
0.136507	6.663747497305631e-06	0.00014054530059494786	0.00014070318777494736
0.136567	-0.0002210616730144823	-0.00014861121564203373	0.00026637108831583983
0.136627	8.91405488457568e-05	0.0002302859293204464	0.0002469365236077976
0.136687	-0.00013284739844134452	-0.0002241658077633624	0.00026057386792008536
0.136747	1.575060087774443e-05	-7.038604744063981e-05	7.212681264499355e-05
0.136807	0.00036800604448055676	-0.00022568035033469135	0.0004316944165742876
0.136867	0.0005680625300884387	-1.7199161948740452e-06	0.000568065133767419
0.136927	-0.00014331718309529016	-0.00019440828957986302	0.00024152514988658386
0.136987	-0.00013175021001356012	7.562809970705903e-06	0.0001319670941305832
0.137047	0.00010194117515001917	-0.00022267687753304376	0.00024490201097343616
0.137107	0.00015807905679193906	-0.00022027745279647643	0.00027112938683723125
0.137167	0.00031700891848060486	-0.0002906039706391036	0.00043005269694242797
0.137227	-0.0001282810777940453	-0.0003548392298292767	0.00037731540380143
0.137287	-0.000471068249842099	0.000153303333420873	0.0004953859182972903
0.137347	1.0108513340271528e-05	-0.00011513002240314679	0.00011557293844364922
0.137407	0.00026451537276923236	-9.366515384093548e-06	0.00026468115543363944
0.137467	0.00038958401873258824	0.0001098088666723746	0.0004047637518994321
0.137527	-0.00016605337224156636	0.0003171189032452499	0.00035796385463935656
0.137587	-0.00016416739761891772	7.4883586619324e-06	0.00016433809648531763
0.137647	-6.988518480117654e-05	0.00013603322791808683	0.00015293455512901182
0.137707	-8.226001179944325e-05	-0.0003548678046596047	0.00036427718611679747
0.137767	0.00011801499445161247	0.00021635682074919938	0.00024645042665841606
0.137827	0.0003155473729811322	0.0001373131274548445	0.00034412939363954965
0.137887	0.00045165603879070506	-0.00012685777207900736	0.00046913331976417987
0.137947	0.0004332595352804018	0.00022677951693799282	0.0004890222635157003
0.138007	0.00024849442329648525	-0.00017455273418425166	0.00030367439045900923
0.138067	0.00011601926180515866	6.197823757110967e-05	0.00013153619669974823
0.138127	3.680581021138956e-05	-0.00012149950537499105	0.0001269519494599603
0.138187	-0.0003635336837249807	-0.00012662010343421004	0.00038495375020428666
0.138247	0.00015087669705620912	-4.9008003146738745e-05	0.0001586365723502051
0.138307	-0.00040242236198704704	5.303194008650276e-05	0.00040590164337752114
0.138367	4.277683895511399e-06	2.805637750421493e-05	2.838060778364225e-05
0.138427	0.00019870699866837195	0.0003758441928819013	0.00042513918737613473
0.138487	-3.2005217018458965e-05	-8.153976962713219e-05	8.759604983813165e-05
0.138547	-0.00012978428091537162	-0.00016592270624937264	0.00021065209237469183
0.138607	-0.00014542238728033563	3.907885945606495e-05	0.000150581632275317
0.138667	-4.8240998093992247e-05	-0.00010085883485295668	0.00011180205036134424
0.138727	-0.0003753714789943189	-0.00019737800363098785	0.00042410119495202633
0.138787	2.6045030552379974e-05	-0.00015213789722883897	0.00015435116905837537
0.138847	0.00024238575162040233	-0.00012657142352016357	0.0002734431894205961
0.138907	-8.823027059504979e-05	-0.00020605570256524057	0.00022415069308153075
0.138967	0.0004521385885558584	0.00032264346442243525	0.0005554530658802732
0.139027	-0.0005240848478797728	-0.00010534110812432402	0.0005345668123237965
0.139087	-9.235351787323167e-05	-0.00013333856681364617	0.00016219847614413183
0.139147	-0.00029875710790185995	0.0002632844901042903	0.0003982141788678044
0.139207	0.0001343029500675858	-0.0003126919950237869	0.00034031392294293873
0.139267	0.00013518995265998312	0.00014368717817855937	0.00019728742603908022
0.139327	-0.00014668439583413406	2.7354827755386955e-05	0.00014921326543827066
0.139387	5.3153080633620993e-05	0.0004464642327893729	0.00044961712727725083
0.139447	-5.934975419526049e-05	-0.0002668012369337635	0.0002733226908846466
0.139507	-0.00023333776656789216	0.0002378714123123145	0.0003332106272350077
0.139567	-0.00013259514349119692	-0.00014669011926748588	0.00019773584189053926
0.139627	-6.92804853312886e-05	-0.00025271303018355374	0.0002620375188256305
0.139687	-4.4666425868481195e-06	0.0002436517629234188	0.0002436927008994905
0.139747	5.4036795770911035e-05	-0.0002099760608457083	0.00021681771474090338
0.139807	0.0001419489837766151	0.00025959386710073043	0.00029586904169163326
0.139867	-0.00019107320666188725	0.00040732972362244485	0.00044991829708336333
0.139927	0.00047617671103663704	-0.00020108858008552772	0.0005168954218935225
0.139987	-4.46372822932289e-05	-0.000154987197468343	0.00016128706814130066
0.140047	0.00031148924211184666	0.00024467716742180277	0.0003960965339522293
0.140107	0.00036358826117460503	-3.335941698505441e-05	0.0003651154260854443
0.140167	-0.0001368330493049976	-0.0002627114154780428	0.00029621034959059203
0.140227	-0.00015147624841450394	0.00010984701130797744	0.00018711338735383803
0.140287	-0.00010667415347869587	-2.3384852645018817e-05	0.00010920726328237333
0.140347	6.494180380781444e-05	6.990055080129367e-05	9.54123937658882e-05
0.140407	0.00033945329985492066	0.0001294595465931763	0.0003633019639177656
0.140467	0.00013973589284227878	-0.00017558033000941847	0.00022439824427710015
0.140527	0.00011721596570302378	-0.0003735528403220023	0.00039151156704282414
0.140587	-0.0002928093038588356	-0.00018202518021385758	0.0003447759484914562
0.140647	-1.4079069842653456e-05	8.47957107562683e-05	8.595657491021282e-05
0.140707	-7.56609119977166e-05	-0.00021553523194684404	0.00022842944165476147
0.140767	0.0003584023130364492	0.0003393872239068699	0.0004935948801811955
0.140827	9.861296668933063e-05	-0.00032120179511221697	0.00033599867616194805
0.140887	9.51414791625683e-05	-2.3922637870586496e-05	9.810297477614345e-05
0.140947	-0.00018334460141004234	0.00018300149649034538	0.0002590459236967708
0.141007	0.00030634919111330295	6.287539471338639e-05	0.00031273493913558674
0.141067	0.0001995419600383809	-0.00012091292224237326	0.00023331722735612346
0.141127	5.3045783197879697e-05	-0.00016302447603727883	0.00017143755394401122
0.141187	-0.0002717384282413653	0.00022770203128259333	0.00035452783872822564
0.141247	2.6818908720196774e-05	0.00020172909935719084	0.00020350401320958175
0.141307	0.00013937605326090562	2.1289711495169553e-05	0.00014099268079632485
0.141367	3.843044932057903e-05	9.95679627506547e-05	0.0001067271223321296
0.141427	-1.898174597042283e-05	-0.000231501977729012	0.00023227886768393207
0.141487	-4.378083361973979e-05	-0.0002900263697505005	0.0002933122168323259
0.141547	-5.246095436084108e-05	5.0239089611790886e-05	7.263689047220982e-05
0.141607	-0.00021729593640626107	-0.0002728087730646499	0.000348772347871378
0.141667	0.00012215157467557566	-0.00023172030920952301	0.000261945240261929
0.141727	-3.328236371368844e-05	0.00020090655116914216	0.00020364468575695608
0.141787	2.070957946254317e-05	-0.00023485149208178993	0.00023576282576894607
0.141847	-9.928192752995069e-05	-7.086158011518263e-05	0.00012197649228635339
0.141907	-1.7631139022430721e-06	-0.0003652243720063431	0.00036522862768142907
0.141967	0.0001997547364096313	-0.00034128249410245225	0.0003954436691854753
0.142027	-5.09709610833531e-05	-6.363630992014998e-05	8.153293085627473e-05
0.142087	7.496915269673245e-05	-0.0002248568282388024	0.00023702524562096812
0.142147	-0.0001449207777665773	-0.00023032325728481213	0.0002721228301241104
0.142207	-0.00010667713687441292	0.00029123592811918376	0.00031015863257237355
0.142267	-0.0001526116775938149	0.0002931854467361568	0.000330526898021747
0.142327	1.44092515695549e-05	0.0003344068350794616	0.0003347171311400971
0.142387	0.00020702824312376631	-0.00017568404560554295	0.00027152454277881363
0.142447	9.437623747407471e-05	9.321990334638298e-05	0.0001326530232586952
0.142507	-0.000195493374807582	0.0002885929104052153	0.000348573561145722
0.142567	0.0002558765636554984	-9.334879228582407e-05	0.0002723725625854562
0.142627	0.0002966577039205553	-0.00030133523901975236	0.0004228578006499432
0.142687	-3.806542899562762e-05	0.0002465545822562451	0.00024947572811031676
0.142747	0.00020074123506889165	-0.0001509216077563464	0.0002511461230931995
0.142807	-8.951098824410889e-05	-0.00016713201041544171	0.0001895925260181538
0.142867	0.00017400059770675546	0.00013841881374588967	0.00022234202482015732
0.142927	-0.0003056516739889163	3.821605232462241e-06	0.000305675564085158
0.142987	0.00031171128355551923	0.00034383814869490124	0.0004640997703013505
0.143047	-5.99941894862555e-05	4.139056675474545e-05	7.28867737548574e-05
0.143107	-2.372130632728766e-06	4.306139989957282e-05	4.312668738785371e-05
0.143167	0.00029413067794769644	-0.00011576993804576809	0.0003160941857502167
0.143227	-9.241476973346308e-05	0.00024814567808563134	0.00026479570845741964
0.143287	0.00010502490836610128	-0.0002883775275676925	0.0003069068747737059
0.143347	-9.838960748908721e-05	-0.00019062694320366686	0.00021452073638003082
0.143407	-0.00013389026708071074	0.00014198823587806235	0.00019515958276935397
0.143467	3.392494738577351e-05	0.000308070109890909	0.00030993240337745304
0.143527	7.144017656246344e-05	-9.973765648102069e-05	0.00012268373546482042
0.143587	1.2448278103590036e-05	2.2511656595521025e-05	2.572419698297664e-05
0.143647	6.634787233471249e-05	0.00011728452866062173	0.0001347505132698481
0.143707	-7.752111774334827e-06	0.00012053136164094381	0.00012078039731670766
0.143767	0.00020813093178335748	-0.0002295693364678034	0.00030987185256372695
0.143827	0.00012616160351541168	-0.0003407560456042926	0.00036336129790809406
0.143887	-0.00011395908348337153	3.205581403182238e-06	0.00011400415983858864
0.143947	7.651898727775245e-05	-7.776517368305966e-05	0.0001090989351550659
0.144007	0.00016480802713852953	0.00021138209742080735	0.0002680374543218055
0.144067	-5.1305310493658295e-05	5.261342953074911e-05	7.348746731135716e-05
0.144127	-0.00021037173129505256	0.0001482535765727042	0.0002573623676738238
0.144187	-6.788865268698432e-05	0.00010902666662938857	0.00012843552156615324
0.144247	-0.00020014609434201042	0.000328505176348727	0.0003846740307952555
0.144307	0.0003402458572098944	0.00030088963560043555	0.00045420459724694417
0.144367	-2.967744039658956e-06	0.00022012989721838144	0.00022014990155360076
0.144427	2.240671516672295e-05	8.78941451442543e-05	9.070524590784093e-05
0.144487	4.438880076718506e-05	-0.00043294533017175377	0.00043521491765687183
0.144547	0.0003767926756535333	0.0005098511395489331	0.0006339723218922845
0.144607	4.271846177427891e-06	2.3258016003518945e-05	2.3647071239025532e-05
0.144667	-0.00017845226494074613	0.0002939544793413695	0.00034388144292377555
0.144727	-8.081910956000053e-05	-0.0002464219442984512	0.00025933665977238997
0.144787	-6.946239622050338e-05	0.00019208575914958178	0.00020425954899775273
0.144847	3.329309634201002e-05	-7.18413976825094e-05	7.918091111508397e-05
0.144907	0.00010505324605492187	-0.0003454509417713318	0.00036107137476872357
0.144967	0.0002542856704848604	-5.2866659464899374e-05	0.00025972309465450435
0.145027	0.00017311422176268751	-6.10834514261743e-05	0.00018357483981917225
0.145087	0.00015034027635871532	-9.274361888273505e-06	0.00015062606840799358
0.145147	0.00018667919899653434	0.0001779373876980562	0.00025789695089084715
0.145207	0.00025608552042577325	-0.0001651999085707537	0.0003047471141184515
0.145267	-0.00037533306733490994	-0.00038231467372867926	0.0005357606006261552
0.145327	-8.719033206847214e-05	0.00016889732070109518	0.00019007487720953297
0.145387	6.969144663676431e-05	-6.385009272385952e-05	9.451842188256438e-05
0.145447	-9.440608585742318e-06	-0.000185714314567556	0.00018595411188184662
0.145507	-0.0001848650250326684	-0.00018059231003758478	0.0002584350207016074
0.145567	3.610641528770506e-05	-0.00047593603770267057	0.00047730366142430345
0.145627	-1.1251253793847447e-05	5.131988274783046e-05	5.253875785726794e-05
0.145687	-3.2946611183504806e-05	6.275266418195395e-05	7.087577901095783e-05
0.145747	-0.00023656608323117972	5.238160923264961e-05	0.00024229598577183125
0.145807	0.00019257271759201436	-3.760250359782706e-05	0.00019620958141130192
0.145867	-0.00013917356962194318	-9.042466701344867e-05	0.00016596958421893733
0.145927	-0.0002188115227323292	0.00036424205379235693	0.0004249126454123422
0.145987	0.0003300388681893322	-3.8445794944652736e-05	0.00033227057297422787
0.146047	5.207328381757815e-05	-0.00028253434002098525	0.00028729302145830094
0.146107	-0.0003663011145770801	6.273863666055942e-06	0.0003663548387911799
0.146167	0.00027532799017903156	2.1543909962100632e-05	0.0002761695896228982
0.146227	8.38392106569807e-05	0.0003936993741045111	0.00040252727909282043
0.146287	0.00017351586450225356	0.0002620766170821205	0.00031431180132978275
0.146347	-0.0001698363599380121	-1.532527414136203e-05	0.00017052640025668137
0.146407	3.752359861484251e-05	0.0001685286188533582	0.0001726554830453649
0.146467	3.83416105557949e-05	-0.0002734459543328883	0.0002761209319139646
0.146527	0.0002010269045176906	-8.153685087673176e-05	0.00021693334089267858
0.146587	-0.00013991804350910392	-3.3622835064089245e-05	0.00014390119505119632
0.146647	1.0626495046290891e-05	-0.00024528511844556605	0.00024551519653134347
0.146707	0.0002930132434252675	-0.00014849158500149882	0.00032849126569644497
0.146767	0.0002035318178273329	-7.621683475959348e-05	0.0002173343202737888
0.146827	-0.0002878919955947196	-0.00011901685775812156	0.00031152337562071803
0.146887	9.989345951972772e-05	-0.000117103499707812	0.00015392184022625576
0.146947	0.000112352552349628	0.00013996125027092998	0.00017947770779926347
0.147007	-7.723056024127282e-05	8.850259254925715e-05	0.00011746177388035947
0.147067	0.00012945789197505545	0.00027133960874905176	0.00030064019869390987
0.147127	-0.00016088897352962216	0.00021055167613689212	0.000264985414933483
0.147187	0.00022682947053410618	4.169481637263277e-05	0.00023062971711193357
0.147247	9.889686880714497e-05	-3.089119940845836e-05	0.00010360915432890465
0.147307	-9.228946853499513e-05	0.00016618201718127503	0.00019008894980221614
0.147367	-0.0004952014531136202	0.00035736375458394305	0.0006106826772196618
0.147427	-0.0001316679546475467	-0.00037861040185169676	0.0004008519510634465
0.147487	0.0001280823248999915	-9.190846644159574e-05	0.00015764595825910955
0.147547	-0.000312680366878266	-1.2547537536644387e-05	0.0003129320254134443
0.147607	-1.4541145921376418e-05	-1.9246013380123478e-05	2.4121649108936437e-05
0.147667	7.938344009305618e-05	-0.0002599356633431162	0.0002717871955016161
0.147727	0.00015425277242902543	4.249653386945645e-05	0.0001599996037275048
0.147787	-0.0003673352686218887	-0.00010160545740452078	0.0003811284147736784
0.147847	-3.5978935044981154e-05	2.2971502790682333e-05	4.268692665715464e-05
0.147907	6.0917566366684494e-05	-0.0003438118349399142	0.00034916690527137624
0.147967	0.00017817301342880468	-0.0001241492475695661	0.0002171604438805337
0.148027	-0.00015144590401794012	0.00023412948766177264	0.00027884131479494797
0.148087	-0.0002606557406747304	1.52211580919417e-05	0.0002610997870553559
0.148147	-6.597855205551562e-05	-0.00015918265070293179	0.00017231449624495896
0.148207	0.0002818670655046221	0.00015829078088558298	0.00032327235255981076
0.148267	-0.0002974609568613351	-0.00013709175360585087	0.0003275319370131536
0.148327	-0.00012788462060637015	-1.190432134597148e-05	0.00012843749084415885
0.148387	-0.00011580370878518825	-0.00020248323587679376	0.0002332594259178865
0.148447	-0.00030815716451676863	-0.0001537205753326018	0.00034437022711552884
0.148507	-0.0003475068616177369	0.00011734437760012546	0.00036678429877213907
0.148567	0.0001140033184274198	2.0262875234751824e-05	0.00011579007179047257
0.148627	-1.3202378097389074e-06	-0.00031805997411358297	0.00031806271419486967
0.148687	-0.0003674234622410244	0.0001052671568443753	0.00038220567096169543
0.148747	0.00028210145088369766	0.00047799184531333223	0.0005550292179486877
0.148807	0.00023634785532973754	0.0002914967020664317	0.00037527408121874417
0.148867	9.210106843503241e-05	0.00014179861246888236	0.00016908416042011386
0.148927	0.00022332755237264822	-0.00045974943341161494	0.000511121059213039
0.148987	-0.00026593931916741594	0.00023050065382352008	0.0003519293578153135
0.149047	5.816178718395719e-05	3.851191286282542e-05	6.975643999506988e-05
0.149107	-0.0001794392414200926	0.00015926276309175056	0.0002399230482238781
0.149167	0.0004164536076109844	3.486693851848518e-05	0.0004179106491749829
0.149227	8.998019500639966e-05	-0.0004595570640036157	0.00046828317348481896
0.149287	0.00010622112979117382	-0.0002151427394730404	0.00023993608891135557
0.149347	0.0003475070132168147	-0.0002359275844032194	0.000420027319727193
0.149407	0.000518932295331391	-1.3285488360033245e-05	0.0005191023322417947
0.149467	0.00041894047404942	0.00015399649438994147	0.0004463474443537725
0.149527	-0.00026591663807883905	7.598120629610558e-05	0.0002765588583237999
0.149587	0.00027928714440942476	-0.00020866276399069978	0.00034862796518439157
0.149647	-4.0816973136404694e-05	-0.00015311459996719448	0.00015846168628135942
0.149707	-0.00010176500225533496	-7.812200379347052e-05	0.00012829327013033596
0.149767	-2.0935528432478793e-05	-0.0002328146016493734	0.00023375400550985977
0.149827	-0.00017495803221038064	0.0003706725671371475	0.00040988835682777297
0.149887	-0.0005236174691744455	-9.340186287467786e-05	0.000531882658124056
0.149947	0.0003436585496067498	-0.00017073097299663822	0.000383732020892437
0.150007	0.00025337456373277265	0.000266580188086378	0.00036778209068270514
0.150067	9.832875451020541e-05	-0.00030061049898914925	0.00031628344260494184
0.150127	-9.317386850855796e-05	0.00023336378614014882	0.00025127679251079905
0.150187	0.00023810631129605556	-5.5412712137671116e-05	0.0002444691885401236
0.150247	-7.284489132251162e-06	-0.00019506211076257774	0.00019519808102814442
0.150307	0.00047080331347292345	0.00026816062551043114	0.0005418172026165555
0.150367	0.0002292941914303903	0.00014609164704509502	0.00027187974466676455
0.150427	-0.00014281801596712716	-0.00019636422059902172	0.00024280834585377797
0.150487	8.377779704217124e-05	0.0004899458876070038	0.0004970570309936819
0.150547	-0.00018033693402767437	-5.0695887481993034e-06	0.00018040817748809961
0.150607	-0.00021464315699560893	2.268528325378885e-05	0.00021583861313802556
0.150667	6.981242381841727e-05	-0.0001052919884410415	0.0001263335954893659
0.150727	6.526925104061106e-05	-0.0002996774305507823	0.00030670284888295585
0.150787	-0.00021102204034238384	-0.00018689144930632255	0.00028188422327984306
0.150847	-0.00033541062192577993	-5.0921134066866626e-05	0.0003392539567864969
0.150907	-0.00016148589656680444	7.502885253309294e-05	0.0001780646610150854
0.150967	-0.00015520515213555546	-8.616982536467833e-05	0.00017752148617223798
0.151027	-6.788190941064295e-05	0.00011944850764606635	0.00013738959059589307
0.151087	-4.692026870954389e-05	0.00018558298295610974	0.00019142245212791398
0.151147	0.0002059641167263989	0.0002453222241107201	0.0003203189207985005
0.151207	-0.00021027716674329574	0.00015356214780163464	0.00026038014534721896
0.151267	6.350346751444458e-05	3.3998188907141715e-05	7.203170992919585e-05
0.151327	-0.0001877960949160736	0.0004627537056862938	0.0004994080149458196
0.151387	0.00018183634350491337	0.00033263915470373054	0.00037909532186674265
0.151447	-0.00018360587373483095	-0.00011013473045670964	0.00021410459061566795
0.151507	-0.0005708420234793771	-6.528929371426419e-05	0.00057456358015779
0.151567	-0.00016436263005649993	0.00020770161865123408	0.00026486796059439223
0.151627	0.00016333325001928792	0.0001337736088685443	0.00021112349227780762
0.151687	0.0001767265457198308	-0.00028186039727426474	0.0003326823642961403
0.151747	0.0005145203934638546	7.349670459219778e-05	0.0005197432066666312
0.151807	-1.9127957015145172e-05	0.00022599847593888437	0.00022680650313928774
0.151867	-4.5510946501809644e-05	-2.62787567482841e-05	5.255301425918466e-05
0.151927	0.0002968333531939555	0.00012193598877667034	0.00032090251623711493
0.151987	0.00042573448038564575	-0.0004725322391962471	0.0006360318898208289
0.152047	2.8499198962728196e-05	0.00012906798955600153	0.00013217696572983238
0.152107	-7.808421661719095e-05	0.0001828798296693999	0.00019885214855421885
0.152167	7.678708809979819e-05	4.3743023423314216e-05	8.83725579411323e-05
0.152227	-4.687543733433723e-05	-2.715225090299743e-05	5.417149946590643e-05
0.152287	0.00021920311140115415	1.9633902935545933e-05	0.00022008065383497305
0.152347	0.0002119196719272877	-0.00020469461848971943	0.00029463508648567476
0.152407	-0.00014204650504713698	0.0003442353777856869	0.0003723911987619483
0.152467	-0.00013303349717371356	-0.00014444659103537356	0.0001963739520201417
0.152527	7.053058448709841e-05	-0.00013349256366396314	0.00015097956120504848
0.152587	-0.00011068391020607606	0.00019089190033514555	0.00022065956945500879
0.152647	0.0004861738062012347	-6.777124297133207e-05	0.0004908746389966333
0.152707	0.00011287359444925928	-3.1946213870326175e-05	0.00011730732673002346
0.152767	5.2453111080369655e-05	7.042807120730019e-05	8.78148169501602e-05
0.152827	-0.00019844408801060508	-1.3546220408914897e-05	0.00019890589773490297
0.152887	0.0001246231289652863	-1.875012760786005e-05	0.00012602575751968092
0.152947	-0.0002481995374072688	5.57921832030817e-05	0.00025439295995712707
0.153007	0.00022365117137352117	1.4507402670315591e-05	0.00022412119754495964
0.153067	-0.0002468598831168192	2.5697517036524117e-05	0.0002481938038595889
0.153127	-1.1994494754241449e-05	-9.715223219247194e-05	9.788985710679889e-05
0.153187	-0.00012697319779669583	8.833692079442847e-05	0.000154679037151645
0.153247	-2.200708679168085e-05	0.00017314132727453788	0.00017453432636431495
0.153307	-0.00044463430454241506	-0.00014791875763093805	0.0004685932389983847
0.153367	-0.0002145602699184215	-0.00023625366787947182	0.00031914245254113354
0.153427	0.00012981537328456702	0.00020159558472139868	0.00023977658542938282
0.153487	8.464294191126503e-06	-0.0003124070016627358	0.0003125216455928366
0.153547	-0.00014624691806123367	-0.0003703623480380463	0.0003981914487864652
0.153607	-0.00014689340004544668	-0.0004539414468964231	0.0004771168705750508
0.153667	-0.00013967319209192485	6.23722113133349e-05	0.00015296696811162546
0.153727	-7.839304166416331e-05	8.948505957205518e-06	7.890212126568834e-05
0.153787	-0.00037133265385723787	0.00014683271658791835	0.0003993091364860654
0.153847	0.00020064174659368826	0.00030812111361893865	0.0003676897212786084
0.153907	8.798937395046777e-05	0.00040654383377061075	0.0004159567510031557
0.153967	-4.293659984332875e-06	-0.00011677749700370591	0.00011685640471327023
0.154027	4.733897105563544e-05	9.264252788528977e-05	0.00010403660967939595
0.154087	-0.00020922977195242702	0.00022818154878722616	0.0003095866868555589
0.154147	0.00010213734465999831	8.101961695756405e-05	0.0001303695344248252
0.154207	3.2413565021170425e-05	-0.0002694413741481909	0.000271384032876378
0.154267	0.0001932354633141375	-0.00019734274234746592	0.00027619576796078483
0.154327	-0.00022635063955690787	-0.00023827026640975044	0.0003286446894182145
0.154387	0.00012055877716263909	-0.0003425698125603463	0.000363164556680001
0.154447	0.00015705723742944475	0.00016289120983755437	0.00022627532360226812
0.154507	-0.000176710366474773	4.1310969470704394e-05	0.00018147492889723928
0.154567	-0.00012895978882520386	-3.582358705982198e-05	0.0001338430294175749
0.154627	0.00024364968481412899	0.00041540103677492114	0.00048158404278350397
0.154687	0.00019469257302043205	-0.0003087164512464622	0.00036498088341655035
0.154747	-5.761509294009782e-05	0.00015290446874628873	0.00016339912942571296
0.154807	-0.0003879007218281024	-0.00011847785900499864	0.0004055908937207185
0.154867	-8.016837161584965e-05	0.0002307965993061786	0.00024432363385238384
0.154927	-9.830421412764934e-05	0.0002166503229851719	0.0002379098168736087
0.154987	-9.509153324059992e-05	-2.5618058309419235e-06	9.51260350438489e-05
0.155047	-2.0089574683491492e-05	0.00022302856075563052	0.00022393152954350033
0.155107	-0.0001377659050248941	0.00012050767673957055	0.00018303427203804476
0.155167	-8.164360714267327e-05	-0.00012065030439546533	0.00014567832556006954
0.155227	0.00022559162646741473	-0.0001966601863238379	0.0002992771471682063
0.155287	9.228471195126198e-05	-5.051162987052812e-05	0.00010520405321138832
0.155347	-3.745565597655854e-06	0.00020254749404474183	0.00020258212311418565
0.155407	-0.00015664406072216991	0.00011767806642122061	0.00019592215055007963
0.155467	7.101884721796663e-05	-0.00036000006082520107	0.0003669383060601841
0.155527	-0.00021947316132204934	0.0005118602269902979	0.000556928505748497
0.155587	0.00016181142053604434	2.2828083999140616e-05	0.00016341376084945972
0.155647	4.6772751348206706e-05	0.00010501265900184573	0.00011495803068650361
0.155707	0.00011140854369614398	0.00017509601083455975	0.0002075342781775384
0.155767	-0.00018529959887488508	-0.00011249807436568839	0.00021677582448045556
0.155827	-0.0002128834304169809	0.00014002528774570156	0.00025480666426600396
0.155887	9.760312881319219e-05	-0.00046588093314616185	0.0004759951834034281
0.155947	0.000133288905814244	-6.917001003625448e-06	0.00013346826332893735
0.156007	-0.00014281866680661886	-0.00020739114149715055	0.00025180996239210066
0.156067	0.00010034326615079137	2.5113373735884175e-05	0.00010343815834694056
0.156127	-0.00022391358831888795	0.00018029702270496063	0.00028747923651998506
0.156187	-7.74362556752176e-05	-0.00039568648916630226	0.00040319247438630587
0.156247	0.00012052847808714936	-9.048111725628514e-05	0.0001507114680770845
0.156307	-1.6183598251241797e-05	-0.00017359520675539194	0.00017434794137243166
0.156367	0.00012918754632608136	0.0001897701695573783	0.0002295694652596236
0.156427	3.9655182889649116e-05	5.230497952120454e-05	6.563797995615912e-05
0.156487	6.179795080265193e-05	-0.00036984872830306823	0.0003749760906388616
0.156547	-6.235837795875178e-05	-0.00027658786730159243	0.00028353027288120374
0.156607	-0.0003083870762393003	-0.00017569336025526273	0.00035492357716726785
0.156667	-1.0676677205209713e-05	0.0002623710447092163	0.00026258818811582106
0.156727	-0.000187181167828818	-0.0003357737663611772	0.0003844226993377609
0.156787	-0.00030081796443135855	7.777835084795968e-05	0.0003107103467624701
0.156847	-0.0001694984487879341	-2.7189430864339053e-05	0.00017166534097552306
0.156907	0.0003074587254705022	0.00015516602087599737	0.0003443941955121138
0.156967	-0.00024052691515880954	4.153104606153377e-05	0.00024408610100286004
0.157027	-0.00017357129904488474	0.00015503368418496037	0.00023272825158130424
0.157087	-0.0001638066417509666	-5.8272250533076924e-05	0.00017386279378843304
0.157147	-0.0002219444977635412	-9.863685629314725e-05	0.00024287566676574565
0.157207	-0.00012164699320920393	-3.482975066578154e-05	0.00012653498523444265
0.157267	0.0002003820354195682	0.0002988972869041313	0.00035985073049465895
0.157327	0.00013649530931596893	0.00010550191970091286	0.00017251557763239787
0.157387	0.0004205973487073186	0.00017312781910068482	0.00045483554334087084
0.157447	1.5976074397576747e-05	-0.00022990029356791743	0.00023045472426438024
0.157507	5.790568626095569e-05	-1.5615946455413464e-05	5.997438023898682e-05
0.157567	-5.238840357573686e-05	3.171569875148579e-05	6.124075747824545e-05
0.157627	-8.16009392422093e-05	6.909615987027963e-05	0.00010692517287350988
0.157687	0.00029770563319590375	-8.086121884838323e-06	0.0002978154284178549
0.157747	-0.0005244789779180943	0.0002507830953272423	0.0005813521817108125
0.157807	-0.0002486175159421584	-5.685233424696e-05	0.0002550350116015004
0.157867	0.000292174725110506	-9.284693432755743e-05	0.00030657237841564514
0.157927	-3.3442066569566065e-05	-0.0002442522965846212	0.00024653104511056017
0.157987	3.808865961097652e-05	0.0002647979272037211	0.0002675232480408908
0.158047	-1.9452404648202515e-05	0.00012491547627135674	0.0001264210119351103
0.158107	-0.00025011607711258226	-4.5291343544828555e-05	0.0002541837088215586
0.158167	-0.0002358763248017819	-0.00014107201740458277	0.00027484350946783265
0.158227	-0.0001703136082493602	0.00034652674907970993	0.00038611852193681253
0.158287	1.5737749367612513e-05	0.00010391600116715367	0.00010510096124075017
0.158347	-8.435491086185602e-06	0.00037746240348466697	0.0003775566494637416
0.158407	-0.0001763790517082636	0.0003219413919484396	0.0003670910373888269
0.158467	-0.0002113278554980326	-8.765138613193017e-05	0.00022878423896817296
0.158527	0.00021074801468488755	0.00031307953131327784	0.0003774036547530552
0.158587	-3.455400485043567e-05	8.323554456382173e-05	9.012288904623445e-05
0.158647	-0.0001546701233422767	0.0002838468512781663	0.00032325204103801815
0.158707	-7.1050734127294e-05	-0.0002324184380512408	0.00024303608202529492
0.158767	0.00045369636276921995	0.0001723171440795166	0.0004853180274147464
0.158827	-5.467480061692985e-05	-0.00014234080839190883	0.00015248029235335016
0.158887	1.8217738887006164e-05	0.0003602592596849659	0.0003607195866582723
0.158947	0.0002274996400411378	-6.0120673757081675e-05	0.00023530954428550646
0.159007	0.0002063923312666479	0.0001100959657632436	0.00023392074744028806
0.159067	-3.856442626770896e-05	0.00018006054678245575	0.0001841440074532823
0.159127	-4.0191615980039716e-05	-0.00013494664965648293	0.00014080470250881725
0.159187	-0.000517850512791197	0.00012001423881752285	0.0005315755554171534
0.159247	-6.422525478679727e-05	-0.00018730095359136356	0.00019800639022178842
0.159307	-6.855024797851659e-05	0.00022645742011201327	0.00023660536684890515
0.159367	-0.00016469425619857432	0.00026686295048241205	0.00031359214334064547
0.159427	-5.388130957146527e-05	0.00023914656120042167	0.000245141333224577
0.159487	-0.0002572590779098673	-8.028451722232055e-05	0.00026949552291764746
0.159547	0.00015028732557945937	-7.655615638011416e-06	0.0001504821872535862
0.159607	0.0003096199757758482	0.00013819144833426025	0.0003390595903261805
0.159667	8.687055023168244e-05	8.406607278383104e-05	0.00012088671180428245
0.159727	0.0002915176611606142	5.4521915612474676e-05	0.0002965723959686884
0.159787	-2.658196029676486e-05	-3.6241181658432877e-06	2.6827874416337547e-05
0.159847	0.00011422606784273309	-2.7692961350996427e-05	0.000117535078522118
0.159907	0.00010180361283734841	0.0001312057351732572	0.00016606902338814315
0.159967	0.0003132949771892236	0.0001898307632512134	0.0003663187975091292
0.160027	0.00022306535945182211	8.699912766645915e-05	0.00023943058034030544
0.160087	0.00013619390875668273	-4.9859715081806856e-05	0.00014503369253543322
0.160147	-0.00033804976340633553	8.120217764427535e-05	0.00034766569602601274
0.160207	0.0002529870072206337	9.748777668576594e-05	0.0002711204389668671
0.160267	-9.109454146951805e-05	5.5037658114015915e-05	0.00010643006763230513
0.160327	-0.00026519011461301325	0.00011274466884463865	0.00028816168593577866
0.160387	9.767695300810443e-05	-0.0002485996510273031	0.0002671003063267512
0.160447	-0.00013711215693317077	-0.00021236973754046957	0.00025278577689789904
0.160507	6.673049963790643e-05	-0.0001250461709872671	0.00014173744904047577
0.160567	3.465173579111823e-06	0.000271996534602168	0.00027201860646566394
0.160627	-3.6286943074883334e-06	8.291851973929457e-05	8.299788152798228e-05
0.160687	0.00017815123263163825	-4.154744838755617e-05	0.0001829318237915118
0.160747	-0.00022755920752017754	0.00032156893386980874	0.0003939413308569902
0.160807	0.00019839497983424788	0.0002898711136560736	0.000351263192714016
0.160867	-3.784074215421962e-05	4.536137376580704e-06	3.8111655816578555e-05
0.160927	-7.005061351229564e-05	-8.958623866323535e-05	0.00011372239274336071
0.160987	6.681327250484796e-05	-7.978007607775233e-05	0.0001040618754481151
0.161047	4.997393925291614e-05	-0.00013116376053608957	0.0001403614145070603
0.161107	0.00022879197029816083	7.370357939952794e-05	0.00024037051252018626
0.161167	-0.00020148000650622693	0.00044334241393533436	0.00048697709290659516
0.161227	0.00018394159175123584	-0.00022218595327976834	0.0002884460209654793
0.161287	0.0003450770597373986	-3.4314835792602835e-05	0.00034677901480983746
0.161347	0.00016905358406735127	-0.00015569685326522517	0.0002298273795758679
0.161407	0.0001332772372673215	7.140015255877673e-06	0.0001334683550189485
0.161467	-9.668883545146812e-05	-0.00010886891314954955	0.00014560621948023114
0.161527	4.5713303044147415e-05	0.00026530118845168905	0.00026921074768494047
0.161587	0.00011453218660538881	-0.00021820857555027498	0.00024643985921983416
0.161647	0.00021759235013040962	-0.0002937960077375371	0.0003655988580367692
0.161707	7.154806999656773e-05	-0.0005503655942037177	0.0005549967690027078
0.161767	-3.159248598270058e-05	-8.930170142174972e-05	9.472528198631276e-05
0.161827	-0.0004309896458035055	6.230612860820842e-05	0.00043547000867106075
0.161887	-8.096748680254347e-06	1.1176367361468898e-05	1.3801033533388279e-05
0.161947	-8.198819304967473e-05	-0.00021083501256386817	0.00022621553068336662
0.162007	-0.00011143165641027378	-0.00033550967764343323	0.0003535304199679821
0.162067	8.671729384574699e-05	0.0003342512397756399	0.00034531692739204366
0.162127	3.833923841717006e-05	0.0001676397131167703	0.00017196793484915046
0.162187	-0.00017079397919769767	0.00023134364656543114	0.00028755950016713883
0.162247	3.1534057134621104e-05	-0.00015566303991666134	0.0001588249941144833
0.162307	0.0003359438502741169	4.315804193140343e-05	0.0003387047196605785
0.162367	-0.000255265016916056	0.00022571568740691847	0.00034074594700851847
0.162427	-7.236893622000894e-05	-5.200609167196115e-06	7.255555985123158e-05
0.162487	-0.00014384797260225699	-0.0003548805780531372	0.0003829261859694483
0.162547	-0.00010957734434868697	8.196509934456887e-05	0.00013684104612679548
0.162607	0.00033916500826748245	0.00012750041458454804	0.00036233859655343515
0.162667	0.00030317051592646514	-7.748605187282634e-05	0.0003129160429922975
0.162727	4.684535097102258e-05	-0.00022532384544402968	0.00023014196104422866
0.162787	0.00045752711013791257	0.0003016852723323185	0.0005480374622718549
0.162847	-1.317067094582626e-05	6.701925875427471e-05	6.830115384922615e-05
0.162907	-0.0003259979208217779	0.00011310524410244874	0.00034506150266814276
0.162967	0.0003593490568429213	-0.00011042125025601893	0.00037593163894782713
0.163027	-8.169414641367477e-05	0.0001463327124239848	0.0001675923515069216
0.163087	0.0002323372333900417	4.988197016906357e-05	0.00023763164975921464
0.163147	8.111973622923965e-05	0.00015882047032673066	0.00017833775091299472
0.163207	-0.0004914528094843414	0.00019881036511075776	0.0005301428347393985
0.163267	0.0002605035400431613	6.612139879676899e-05	0.00026876408568456524
0.163327	-0.00014044148232830506	0.00027332676111811347	0.0003072968081544126
0.163387	-5.980194933079443e-05	3.170072932571128e-05	6.768463181213971e-05
0.163447	0.0006304767522172966	0.00017723187915622267	0.0006549137913311312
0.163507	0.00011544075501027692	0.0003986841663654496	0.0004150609984422245
0.163567	5.173792383824669e-05	0.0003199113706705131	0.0003240680450883404
0.163627	0.00013103868603100182	-0.0002956991237383341	0.00032343331463587685
0.163687	-0.00012193900087751853	3.058968955416435e-05	0.0001257173378736108
0.163747	0.0002168975293069641	0.00037960903907923403	0.00043720425520587603
0.163807	-6.884687986931583e-05	0.00010279823553069461	0.00012372295702885608
0.163867	-6.137295276284435e-05	-0.00016567862808151458	0.00017668063598992153
0.163927	7.82359620430379e-05	-0.0002630893836787297	0.00027447566296714455
0.163987	0.00021593281910658118	7.59296317114612e-05	0.00022889362450525714
0.164047	0.00032443305157640054	0.0001705335111152995	0.00036652214580907297
0.164107	0.0001962594916846913	0.00016661922776539824	0.00025744854852469275
0.164167	-2.4071132746964917e-05	-0.000326850343311837	0.00032773551280687867
0.164227	1.753964463287576e-05	-0.000170688747304586	0.00017158755080207998
0.164287	-0.0002041914181415596	0.00044535486821513446	0.0004899337647943659
0.164347	0.00035338936549528103	7.454242848022052e-05	0.0003611656369159255
0.164407	-2.039521556307242e-06	1.3653277772636218e-05	1.3804768817890582e-05
0.164467	0.00015846883992324488	-9.287922164671441e-05	0.00018368158056897952
0.164527	-0.00015682676648939246	2.238815732737132e-05	0.00015841674241074888
0.164587	0.00027998202253891395	-0.00014292324941973838	0.0003143516950322961
0.164647	3.859843504475289e-05	-0.00041512805724357757	0.00041691862886986835
0.164707	4.00184382855551e-05	1.89772102900076e-05	4.429006562657085e-05
0.164767	1.2909714717643543e-05	0.0001396070316563931	0.00014020265340570443
0.164827	6.553049401024352e-05	-0.0002479768316227263	0.00025648928762596015
0.164887	2.2455807311104355e-05	9.231987046233614e-05	9.501169277607875e-05
0.164947	0.0006381058551590528	0.0001536137515236333	0.0006563354836098918
0.165007	0.00024550769364872435	0.0003133532184495776	0.0003980757053041853
0.165067	0.00011446756416428293	-2.0824364730325683e-05	0.00011634636828077557
0.165127	1.290207364983233e-05	-0.00024276674525397594	0.0002431093500992394
0.165187	7.506499843036564e-05	1.943615140581376e-05	7.754042797676907e-05
0.165247	-0.0003505925500442319	-1.6953656755965616e-05	0.0003510022259529366
0.165307	-0.00010489663865453058	0.0001815907490524365	0.0002097105265418122
0.165367	0.0001358325484322597	-6.636744002801013e-06	0.00013599458660020587
0.165427	1.2384111045545611e-05	0.00022326210052560472	0.00022360530346459502
0.165487	-0.00022518170102445764	8.762166828884187e-05	0.00024162854804428234
0.165547	0.00012801055568744166	0.00035646171113535034	0.00037875012062433665
0.165607	-5.576381598928202e-05	-1.3259658033783377e-05	5.731859824576471e-05
0.165667	7.230922582252278e-05	0.00018433340599074283	0.00019800865815211368
0.165727	0.00023019849927718197	0.00026088890162496	0.0003479286824344104
0.165787	-0.00023880457572131555	-0.00014793353972666667	0.00028091272232047234
0.165847	0.0001530278485240526	0.0003410445112925917	0.0003738032652435009
0.165907	0.00011626258617130374	4.254800020459849e-05	0.00012380355917602023
0.165967	-0.00010335410901805831	0.00015748200842777315	0.00018836840188673337
0.166027	0.00021964437477253867	0.0002196137858601032	0.0003106024248279892
0.166087	6.635722234378568e-05	-0.00018670017234989123	0.0001981419574766074
0.166147	-0.00022216712956719302	-2.0996378022313417e-05	0.00022315707775058766
0.166207	-0.00012452130380123083	-0.00015090887508565116	0.0001956503096853544
0.166267	-0.00026238518346532823	-0.0005080751094211902	0.0005718271603513498
0.166327	-0.000376495784126519	4.6455451346825516e-05	0.0003793510042492041
0.166387	0.0001508167212683955	1.2341670670743795e-05	0.00015132085199698683
0.166447	-7.299408806392356e-06	0.0003207337364335307	0.00032081678736552486
0.166507	9.362137262759667e-05	0.0002165820282659285	0.0002359507075226916
0.166567	0.00011829385335109098	0.00014621143298061123	0.00018807237669283915
0.166627	8.55834144767888e-05	-0.0004352545770996656	0.0004435888498595457
0.166687	0.00024285939481266932	-3.870715587933862e-05	0.0002459246420451668
0.166747	-8.924970449391546e-06	0.00020102301693073507	0.00020122104371426242
0.166807	7.159843764405742e-05	-0.00033604351584060033	0.00034358635131736794
0.166867	0.0006128267628214926	-0.0002048869995798381	0.0006461697329859226
0.166927	5.579080498736647e-05	-4.679797157109461e-05	7.281939346291848e-05
0.166987	-6.753165567981298e-05	-6.566957168168399e-05	9.419669401689557e-05
0.167047	-2.4213285707924123e-05	5.0295056761476845e-05	5.58200317038045e-05
0.167107	9.4382947939309e-05	-0.0003998502070374712	0.00041083856796754475
0.167167	-0.0002334559539931448	3.8594402554262877e-05	0.00023662461909820337
0.167227	8.33432264909345e-05	0.00020326772498939624	0.00021969037626688162
0.167287	-0.00012769223886844997	-2.4558799588475005e-05	0.0001300324671167327
0.167347	1.6053735577371966e-05	0.00042724347442796984	0.00042754497876512534
0.167407	-0.00020899838904199248	0.00014868130746555566	0.00025648870893630997
0.167467	-0.0005059672069935817	-9.977750517723224e-05	0.0005157115134377733
0.167527	5.803751133076607e-06	-4.97469512057503e-05	5.0084355656052816e-05
0.167587	-0.00010065130274124509	-0.0001150523632847738	0.00015286507462766418
0.167647	0.00014357265276557403	0.00010684481381565858	0.00017896625620894804
0.167707	0.00016512375207101298	-0.00015256434868909975	0.0002248148882724153
0.167767	8.329443213247828e-05	-3.789142089308786e-05	9.150804446369273e-05
0.167827	6.6554357846339364e-06	0.00020882197469804565	0.000208928006601017
0.167887	-0.000774198605048467	8.341808258052833e-07	0.000774199054453467
0.167947	4.804666250337955e-05	0.00011296469939210663	0.00012275791252079304
0.168007	-5.988996670558969e-05	-0.00012353617565073847	0.00013728799949888827
0.168067	4.4053942539718176e-05	1.1075002586573423e-06	4.4067861419811564e-05
0.168127	8.099960049525275e-05	0.00031535403263305447	0.0003255903886454883
0.168187	0.00011745155613338854	4.36980080440673e-05	0.00012531713348610352
0.168247	4.46439911537931e-05	0.0001277488105588759	0.00013532495906279636
0.168307	0.000354798937589512	0.0002317419545437277	0.0004237766152236265
0.168367	0.0001815286341109221	-9.290767956064217e-05	0.00020392273518055805
0.168427	4.978782407843319e-05	-9.414797379299689e-05	0.00010650196428137765
0.168487	-0.0001961271804538345	-2.6757216403389408e-05	0.0001979439808188892
0.168547	0.00014844705075812048	-0.00023826676148161518	0.000280726871720042
0.168607	0.00014379017362565897	0.00030989425556591995	0.0003416285463248832
0.168667	0.00010914836824123636	0.00015641451800091257	0.00019073245065059677
0.168727	0.00019711435682724602	-0.00019099755313699995	0.0002744706450091521
0.168787	6.051474376690898e-05	0.0003699340400640056	0.00037485094132368396
0.168847	-8.521631659686029e-05	-0.0003522396425008233	0.0003624011401243712
0.168907	0.00023612081467447074	-0.00041762485728025624	0.0004797536456775395
0.168967	-9.57776235452959e-05	0.00023728917237007843	0.0002558896334282833
0.169027	0.0004730226836340594	-7.29475061029969e-05	0.000478614456404123
0.169087	-0.0002420688150825542	-8.513275753653586e-05	0.00025660260645840377
0.169147	-1.1310478065741127e-05	2.8279586787684162e-05	3.045754328500202e-05
0.169207	0.0002501584415204028	6.243544782247928e-05	0.0002578321760539408
0.169267	0.00014694377563261664	0.0001581687993679189	0.00021589312701116207
0.169327	-0.00022082824386399324	5.790533765615855e-05	0.00022829398024724394
0.169387	5.873859762595763e-05	-0.000277252591504372	0.0002834064613712156
0.169447	-4.6101298318970436e-05	-4.268226070589749e-06	4.629846067078654e-05
0.169507	-7.172941619578577e-05	-0.00023824250968021397	0.00024880635555892677
0.169567	0.00022681381283475913	-3.9732101387199124e-06	0.00022684861051249042
0.169627	-5.0163298769591845e-05	0.0002709877900564278	0.00027559161616985727
0.169687	0.00011456701194237576	0.00021309838599745822	0.00024194322131468402
0.169747	2.8415089299534962e-05	0.00024100607058336895	0.0002426753867987777
0.169807	0.0002544285282519911	-0.00013164205889515146	0.0002864672889853722
0.169867	-0.00045314675140051763	-0.00013074781494065317	0.0004716322395856732
0.169927	0.00010247132016401435	2.837206390165272e-05	0.0001063265981125861
0.169987	-3.352902452604776e-05	9.28532927652868e-05	9.872147417367902e-05
0.170047	-0.00010516408207948622	-0.000112221481454928	0.00015379579012300584
0.170107	-6.385039662443018e-05	-1.8957282887259382e-06	6.387853266036815e-05
0.170167	-0.0004111549259251589	-4.600441563199853e-05	0.00041372065378726816
0.170227	-8.796402122393935e-05	1.0620743012950635e-05	8.860287361046927e-05
0.170287	0.00022370643272913473	4.397547173676253e-05	0.00022798774124690495
0.170347	0.0001522226690017227	0.00024114667644183408	0.00028517268543279287
0.170407	0.00015244117502204136	4.663712481341589e-05	0.00015941559915191105
0.170467	-0.000420986443934884	-0.00031326091289929283	0.0005247494502402433
0.170527	-1.835944193752403e-05	-0.0003822847826591133	0.0003827253900134962
0.170587	-0.00018735106296528884	-5.414060577541206e-06	0.0001874292742507448
0.170647	-7.468802245435101e-05	-1.5593997918981388e-05	7.629858104341677e-05
0.170707	4.9588812800534045e-06	0.0002565005296214951	0.000256548459749142
0.170767	-6.842436560661698e-05	-0.00023723689486556887	0.00024690734718538644
0.170827	-0.00038793249363677795	6.283116555854186e-05	0.0003929877542426655
0.170887	-9.389887954221139e-05	-3.780312971645762e-05	0.00010122290351319728
0.170947	-0.00019224342287902017	0.0002587168843074589	0.00032232275728840624
0.171007	0.00030994227098477705	-0.00024199203392056206	0.00039322303572427114
0.171067	0.00012089841324299518	4.0641877729409675e-05	0.00012754680925074652
0.171127	0.00021010863032618548	-0.00033944052333930694	0.00039920609391942935
0.171187	0.0002786835843181484	0.00018919337418110758	0.00033683627031904257
0.171247	3.7397034875548976e-06	0.000291742050053337	0.000291766017814787
0.171307	0.00015030300835279254	-0.00022831158008318548	0.00027334441995398485
0.171367	-0.00035881368902073465	-6.678910669811569e-05	0.0003649767776204409
0.171427	-0.00011775626221401006	0.00021569697286799526	0.0002457472713887814
0.171487	-0.0002020297675589703	0.00010365979475848716	0.0002270713104496102
0.171547	0.0001196849556917286	-0.000276274012420217	0.0003010844043747488
0.171607	7.050847361747965e-05	0.0003966924709602595	0.0004029098675490874
0.171667	-0.0002547367763805342	-0.00017962469164307506	0.00031169833988748817
0.171727	-4.896567470469895e-06	0.0002511575544174839	0.00025120528162035974
0.171787	-4.667728794081076e-05	-4.150128800324132e-05	6.245899547252852e-05
0.171847	0.00018844817933521895	-0.00024170098203073984	0.000306483410659342
0.171907	6.65903276847247e-06	0.0004022271458740675	0.00040228226358542075
0.171967	7.364830613742411e-05	-1.484469996980623e-05	7.512947566771185e-05
0.172027	-9.841224485111533e-05	0.00011963316102275574	0.0001549098549251547
0.172087	-6.619143700792719e-05	-9.993766919601027e-05	0.0001198701132789386
0.172147	-0.00034726093965043136	-4.72150868766114e-05	0.0003504560238256242
0.172207	-0.0001657698416662754	-0.00027789558320804166	0.0003235824401487195
0.172267	0.00019174186840717998	-0.0003158941214614672	0.0003695321908497127
0.172327	-0.0003843700545150908	-6.536183190784005e-05	0.00038988781447780926
0.172387	-9.690494270452822e-05	0.0002769831293237933	0.00029344543249225927
0.172447	-1.398049638272095e-05	0.0003382192639536176	0.0003385080867400868
0.172507	6.682975182254817e-05	-0.000135365104536668	0.0001509633308286699
0.172567	0.00021458012845723066	-0.0002588138648339009	0.00033619822747745463
0.172627	0.00023032157725968126	0.00018260198765844175	0.00029392433524327486
0.172687	6.5235388463927675e-06	0.0004674930139555649	0.00046753852745665613
0.172747	-0.0003705680458113953	8.477126261782387e-05	0.0003801405576129656
0.172807	8.744152773909691e-06	-2.293708769487034e-05	2.4547305344082982e-05
0.172867	-0.000185220907912191	5.6312808362066885e-05	0.00019359214114586163
0.172927	-3.787796070828989e-05	4.323629348761811e-06	3.812392527225164e-05
0.172987	-8.216387105472552e-05	0.00038159540763963156	0.00039034082138351115
0.173047	-7.342096750560024e-05	0.00026569152997751985	0.0002756494650298704
0.173107	6.142371682369926e-05	3.362196048432149e-05	7.002363326225847e-05
0.173167	0.00037021473416207895	0.0002681229431915247	0.00045710924520992173
0.173227	-0.00012358972131280057	0.0002756211653657072	0.0003020619903458994
0.173287	-0.00013131392335062156	0.00026734555228669597	0.00029785397562095994
0.173347	-0.00011428765438738724	-0.00012646055866680553	0.00017045216585215758
0.173407	0.0003187218223129848	6.0360762845635935e-05	0.00032438714788014794
0.173467	0.0005921693516437954	2.861790982793205e-05	0.0005928604606390552
0.173527	0.00016438702568491066	-0.00010928809393694362	0.00019740056152377502
0.173587	-0.00039895410460269025	9.419550978487419e-05	0.00040992337289177185
0.173647	-0.00015375610032243055	-0.00034857744662341136	0.0003809818561045375
0.173707	-2.2846903586230393e-05	-3.8469072363317135e-05	4.474204434279503e-05
0.173767	-6.007966887117096e-05	7.091878333144355e-05	9.29464385594294e-05
0.173827	2.7314171943877013e-05	-4.804296102577034e-05	5.526472738649279e-05
0.173887	-6.121235038401658e-05	-3.584133586176299e-05	7.093344201356165e-05
0.173947	-0.00016682859731496214	-4.064310255774226e-05	0.0001717080157348426
0.174007	-0.00019541710109795567	8.891825526267485e-05	0.00021469583023544457
0.174067	-0.0003532688891826689	3.1934552239311595e-05	0.00035470935100597806
0.174127	0.00022573426678717843	0.000373811540952757	0.00043668183767065443
0.174187	0.00012527017931410732	-9.304955343655713e-05	0.00015604754794655153
0.174247	-6.492635960449997e-06	-0.0006553896230477871	0.0006554217820002898
0.174307	8.290843523723491e-05	5.054244723048147e-05	9.709967870972992e-05
0.174367	-0.0001071632739064886	-0.00010208100808067713	0.00014800168744012472
0.174427	-0.0002473804163314609	-0.00041807201891214704	0.00048577904790306214
0.174487	0.0005067860649010209	3.335797400336372e-05	0.0005078827325352486
0.174547	0.00020385147464928817	-0.00019279773723374958	0.000280582236071964
0.174607	-0.00020309562388963224	6.718831813650525e-05	0.0002139207856593912
0.174667	0.00022037019089501565	-5.010471670224828e-05	0.00022599447708056538
0.174727	0.00016443253530377868	7.27173552240713e-05	0.00017979397213814538
0.174787	-0.0001378167358789794	-0.00022287094089591306	0.00026203989960341145
0.174847	-0.00018474111771205927	-0.00021098642643980765	0.00028043636125748975
0.174907	-0.0002620090653179003	-2.1743784465027115e-05	0.00026290976108091024
0.174967	0.00013093171697653848	-0.00040785996294461494	0.00042836067032771236
0.175027	9.74964468021955e-05	-0.00044574391312260294	0.00045628192296529117
0.175087	0.00015772124213314612	-0.0003324144017595014	0.00036793385916105857
0.175147	0.0002564514548512938	6.122263753638388e-05	0.0002636580361799288
0.175207	-0.00010196384321963092	-2.8159899267243006e-05	0.00010578093046886451
0.175267	-1.4717746985662726e-05	0.00022867607699163575	0.0002291492096094126
0.175327	-0.000424528292319855	-0.0005302072025754486	0.0006792230477854054
0.175387	3.5971404205609e-05	0.00027648358230549934	0.00027881376078846097
0.175447	-6.257618340438564e-05	0.0002029497577609447	0.00021237792471131607
0.175507	-0.00013533444605086844	-1.2511414965763902e-06	0.00013534022921119897
0.175567	-9.969048499203066e-05	8.136084153192766e-05	0.00012867703498577255
0.175627	0.0002148135297380183	7.056430409679683e-05	0.0002261065535785544
0.175687	4.55761436549678e-05	0.0001589085360182463	0.000165315176828749
0.175747	-0.00028347977618021385	-0.0003743537143975161	0.00046957585860689344
0.175807	-0.00012112198020392888	-0.00022884202203837708	0.0002589193023687767
0.175867	-0.00016050605194254866	-0.00011852489176178012	0.00019952529332725166
0.175927	-0.0002195104361223628	-3.474585531151219e-05	0.00022224334866978237
0.175987	-0.00013369923907778582	-9.025953750895097e-05	0.00016131419851119324
0.176047	-0.000311930584696802	0.00016780950451370161	0.00035420434705749
0.176107	-0.00030139895669986937	4.0894416003229455e-05	0.00030416062263221205
0.176167	-0.00010288345328630724	-0.00035293827262172	0.000367628112691779
0.176227	0.0005997937705354278	6.124184240189094e-05	0.0006029122078991962
0.176287	-0.0002511424871708247	-5.914483255865411e-05	0.0002580129068103747
0.176347	0.00023208738975258634	0.0003707972883886721	0.000437441636745476
0.176407	5.0772609315264904e-05	-0.00023014637199322092	0.0002356803139812966
0.176467	-7.149905416632987e-05	0.000142779700457809	0.00015968142537409113
0.176527	-0.00023652859257487682	0.00018953174353791253	0.0003030974379864883
0.176587	5.596248013505276e-05	-0.00022858675657083755	0.0002353374268203881
0.176647	0.00010633473261896178	0.00017643430068964408	0.00020600033451669401
0.176707	-1.08829560203282e-05	-0.00020506678072719462	0.0002053553585606076
0.176767	8.537363091402203e-05	-6.297378256238492e-05	0.00010608654083180484
0.176827	-0.0001293143827800187	-0.00011456523595864432	0.00017276400922656618
0.176887	0.0001412071886520902	0.000100585092183402	0.00017336905980182987
0.176947	0.0002738184275074226	-2.3718609681823262e-05	0.00027484378051517976
0.177007	-1.6295598934551883e-05	-6.044183083463048e-07	1.630680428922947e-05
0.177067	6.846283092141513e-05	-9.578086303793317e-05	0.00011773331279661499
0.177127	-0.00026328926670760554	-0.0003866158883245504	0.00046775322881665915
0.177187	0.00047615962483879256	0.00031816499673488865	0.0005726752600505206
0.177247	6.51156115631257e-05	-1.3256085724444297e-05	6.645123533820635e-05
0.177307	2.329538236705257e-06	-0.00021840733270769356	0.00021841975581179788
0.177367	0.0002576799288036968	-0.0003688028809947364	0.00044990500190406416
0.177427	-0.00020776633030394396	0.000414854974528724	0.00046397359612287823
0.177487	-0.00015298472328110005	5.0000563329117114e-05	0.0001609483826903017
0.177547	0.0002483782148648806	-0.00017928296834758447	0.00030632355501819606
0.177607	0.00018810534119815463	-0.00011603214240883932	0.00022101374948011568
0.177667	9.093937628628499e-05	-0.0002167470435384471	0.0002350515922983633
0.177727	-0.00013189492895961149	0.0002320902839109727	0.00026694975589263396
0.177787	-0.0003260310411305577	6.988874449017862e-05	0.0003334376649196801
0.177847	0.00028188876292234785	-0.00018691242664199285	0.00033822703897691265
0.177907	0.00012997981294977551	-0.00045553916982447797	0.00047372005131599953
0.177967	0.0003441684038453113	-0.00046452937200955856	0.0005781344373629927
0.178027	0.0002518552131296225	-5.1582255717475076e-05	0.0002570832112088819
0.178087	-0.0001917160554276666	-0.0003902941628388608	0.0004348385671198351
0.178147	-2.641847901599065e-05	-8.065296298250198e-05	8.48695261644318e-05
0.178207	0.000340845863768981	0.00015040305193154098	0.0003725546683088866
0.178267	0.00023015401239764882	-0.00014586925550102571	0.00027248616317743663
0.178327	-0.0001781494978767385	-0.0002897827765247845	0.00034016363880366057
0.178387	-0.00014829934236868867	-0.00010254656971982662	0.00018030112009715524
0.178447	-0.000108971035309415	0.00020588950374153927	0.00023294886625039213
0.178507	7.046109132605834e-05	0.0004519709299962032	0.00045743030830115743
0.178567	-6.191437935189384e-05	-0.00018286733714077599	0.00019306437621552158
0.178627	-0.00017802458903219548	-0.00013673618256972693	0.00022447614110150725
0.178687	-0.00027091937388959496	-0.00018714255046570642	0.0003292713794782954
0.178747	-3.708225393873214e-05	-2.6290734733518486e-05	4.54565318739216e-05
0.178807	-0.0005152560676215927	-0.0002373782269659711	0.0005673070049438623
0.178867	0.00018903216508174802	-0.00035229742706077976	0.00039980824972621397
0.178927	3.3389348963262727e-06	-0.00010149648648264894	0.00010155139218427508
0.178987	-0.0002665083053823593	-0.00024818687530897316	0.00036417496057995075
0.179047	3.289662665018604e-06	-9.73408448286355e-05	9.73964165275197e-05
0.179107	-0.00021941340216711342	-0.00021336729150262383	0.00030605202520766486
0.179167	-2.131429795611267e-05	-4.184651835619558e-05	4.6962010134760654e-05
0.179227	-0.0002516242534700417	4.509988297191611e-05	0.0002556340438565183
0.179287	-0.000123044890753161	3.23853851685145e-05	0.0001272354444051278
0.179347	3.8409652890383485e-05	-0.00037861917014732056	0.0003805624488020401
0.179407	-0.00019708326344442315	0.00017669966567673316	0.00026469715635074956
0.179467	5.387386413527848e-05	-2.8727538343808657e-05	6.10546042175481e-05
0.179527	0.00013044176826772975	-0.00035607974870738854	0.0003792200447607287
0.179587	0.00017444813258384124	0.00023091751024576605	0.00028940464319027935
0.179647	0.00018723799386196087	-7.072665927560419e-05	0.00020015075987299947
0.179707	0.0002506722008181015	-9.471095955890037e-05	0.0002679677557534829
0.179767	5.917510030763301e-05	0.00011577017173439392	0.0001300170187315087
0.179827	-4.151291544020841e-05	-0.00029439529947605716	0.0002973077773990167
0.179887	0.00014579302400054978	-0.0003509206504395499	0.0003800011957246209
0.179947	-9.672209802375163e-05	4.4042543268359114e-06	9.682232026909742e-05
0.180007	-0.00019030015219250962	7.55192160759785e-06	0.00019044993947087415
0.180067	4.566286323594992e-05	-1.8120062964011578e-05	4.912671127528089e-05
0.180127	-6.869260396719765e-05	-0.00031524115024699655	0.00032263858518293145
0.180187	0.0001375719050311824	-0.000239663075707927	0.0002763411277962298
0.180247	0.00023881709506477067	6.083410557777971e-05	0.0002464434890530163
0.180307	-0.0001726187683852958	0.00012177821697292372	0.00021125144574170583
0.180367	-7.071744336240759e-05	4.037811499809265e-05	8.143309503214599e-05
0.180427	7.89347728685543e-05	-1.279493153479895e-05	7.996504636896329e-05
0.180487	0.0002659842750631165	0.00030490533583756214	0.00040461697740340577
0.180547	0.00011050023680840611	7.231369748898265e-05	0.00013205897614036665
0.180607	0.0005171465853628552	-7.866961247798572e-05	0.0005230960702202773
0.180667	-0.0005139742013346165	-0.0002716221809984499	0.000581333027487611
0.180727	-4.853552132845452e-05	-5.319937462869266e-05	7.201298696421953e-05
0.180787	-0.00010364571707337133	7.736136796445646e-05	0.00012933373852551147
0.180847	0.00014771779232464573	3.83133631148631e-05	0.00015260556989323332
0.180907	-7.316045894338686e-05	-0.0003153277675530191	0.000323703651111287
0.180967	-7.34107928093412e-05	9.078920138170634e-05	0.00011675540068204148
0.181027	0.0003187999260461432	7.235686479476581e-05	0.0003269081044115523
0.181087	0.00017640016901458169	-1.8530205537334576e-05	0.00017737076463055813
0.181147	-0.0001896060183775466	-0.00014143674919048053	0.00023654766163832064
0.181207	-4.422801786914225e-05	-0.00021241066519661086	0.00021696637586017764
0.181267	-0.000435831409624453	-0.0001478249087165264	0.00046021866677948544
0.181327	-5.0337409445935154e-05	0.0003804095239601407	0.0003837255017708734
0.181387	-0.00014690173740456182	-4.973155137911599e-05	0.0001550914170902197
0.181447	-0.00017310329298666789	1.2587656733566034e-05	0.00017356036167532688
0.181507	2.8947925623382283e-05	0.00011138579998106486	0.0001150859628074539
0.181567	5.318989601580694e-05	8.513935666750154e-05	0.00010038862033083428
0.181627	-0.00014434076954981885	-0.0001497662198396984	0.00020800042874789172
0.181687	-2.4499517734259853e-06	9.474524678118677e-05	9.477691729171241e-05
0.181747	-6.378438073067871e-05	2.364413364401497e-05	6.802567368995487e-05
0.181807	-8.602362369984215e-05	-0.00030006500716362383	0.00031215232236611286
0.181867	0.0004396048037518984	3.071900757969188e-05	0.00044067679869540016
0.181927	0.0005598364494732857	-0.00010157608935904476	0.0005689767588296831
0.181987	-0.0002578064518743238	-3.57626854130514e-05	0.00026027511655166136
0.182047	-0.00020836245956859617	-0.00016552219781757388	0.0002661062053538679
0.182107	-0.0002740145680896824	0.00016181860771332426	0.0003182282912119127
0.182167	-0.00034597052668377474	-0.00015158408974650172	0.0003777212485393481
0.182227	-7.692178816993176e-05	7.94267918232409e-05	0.00011056933008114095
0.182287	0.00018528648781194768	0.0005488560184119945	0.0005792875033286621
0.182347	-3.40420197450942e-05	-0.0001511566668136486	0.00015494256042333158
0.182407	3.843082547141847e-05	-8.283252507047941e-05	9.131350149877195e-05
0.182467	-0.00017832388221260316	-8.594763515044542e-05	0.00019795555803090866
0.182527	-9.214664829549966e-05	3.711090306302417e-05	9.933893455361642e-05
0.182587	0.00013293532619969056	0.00031757087563462577	0.0003442717850814398
0.182647	-0.00014367909986010398	0.00017522220166531089	0.00022659766921362764
0.182707	-0.00011852771814525228	0.0002526801996447504	0.00027909873389399546
0.182767	0.00036393115178138456	-0.00038184899679031214	0.0005274983787526678
0.182827	0.0001431030505959634	-6.846470504439747e-05	0.00015863763401755338
0.182887	-6.124514141845883e-05	-0.00012361995350464042	0.00013795963268962584
0.182947	-0.0001621227456599256	7.239920246095415e-05	0.00017755401763208613
0.183007	0.00048407150583958493	-0.00039214742640515795	0.0006229805990574603
0.183067	-4.435088309200668e-05	-0.00021840360386631165	0.0002228612460990776
0.183127	0.0002806332819001955	0.00015170735472961174	0.00031901435765358714
0.183187	-0.00011658460686984377	0.00014027471386253724	0.00018239782320031322
0.183247	9.436446962173696e-05	0.0001761033362049426	0.00019979248772039143
0.183307	-9.959598628770461e-05	-0.0001408627292936962	0.0001725157064985382
0.183367	0.0003942320444259317	-9.165466002888712e-05	0.0004047461939997221
0.183427	0.00010592914075898161	3.796019949737957e-05	0.00011252537317341807
0.183487	8.865065480596467e-05	8.401428981956921e-05	0.0001221365608301334
0.183547	5.949302343978191e-05	0.0004030592989659955	0.0004074263348397673
0.183607	-2.53371315036236e-05	0.00013544904736914598	0.00013779845668961997
0.183667	3.847142304044972e-05	-0.00014865342051017199	0.00015355093558858983
0.183727	0.0001834189240205903	0.00036422649152833	0.0004078031863778258
0.183787	-0.00013319601484753084	-4.0126399297712084e-05	0.0001391089727223341
0.183847	-2.3217975365291122e-05	0.0001968421884045176	0.0001982067645564673
0.183907	0.00022395072960415695	2.402614748281557e-05	0.00022523584318021018
0.183967	-0.00037904435486137286	0.00019097004648988496	0.0004244339543540587
0.184027	-0.0002452399546996799	-0.00010338056816177792	0.0002661393944055503
0.184087	-0.00025671466497814797	0.00016257517903929701	0.0003038636339783065
0.184147	-4.028092032540846e-05	0.0003436067722316951	0.00034595977579155915
0.184207	-0.00014283029494592276	-6.306879543098196e-05	0.0001561350893023549
0.184267	-7.84313456221657e-05	0.0001811398351603897	0.00019739076943473514
0.184327	-0.00043874979891804294	-0.0004410668418592176	0.0006221264702922447
0.184387	-0.0002618384890587215	0.000226037241107247	0.00034590783269525705
0.184447	-0.00013419708210100968	0.00017488812961564514	0.0002204420892771701
0.184507	8.593590992583673e-05	-0.00021252520743482222	0.00022924210871913507
0.184567	0.00026244024335494304	2.5333053945226307e-05	0.00026366009359475215
0.184627	-0.00018273847441582444	-0.00019458129755213906	0.00026693675541014764
0.184687	1.5214791721529259e-05	-0.00011748776495157305	0.00011846883472224074
0.184747	0.0003026808340632649	1.994051088408456e-06	0.00030268740236253126
0.184807	-0.00045349138882965195	-0.00012211576078844936	0.0004696452903794398
0.184867	0.0004431349225012237	-0.0003682293180510988	0.0005761609065291942
0.184927	-0.0002118500354859688	-0.00012680761452224748	0.00024690202234131084
0.184987	-0.0001201046730866354	-0.00018586384907232965	0.00022129279899994327
0.185047	-0.0001384470564835858	7.257306776655217e-05	0.00015631518676705015
0.185107	2.6336610322923154e-05	-0.00036112426231142865	0.00036208334658373206
0.185167	-5.600983788414333e-05	-0.00020468223826689043	0.0002122072585981736
0.185227	0.00021950327007407044	1.949158909354602e-05	0.00022036698395767445
0.185287	0.00033590004094605317	-0.00016992673712465899	0.0003764358291892433
0.185347	0.0002502458009079237	4.7641281783706476e-05	0.0002547403631190839
0.185407	0.000103830719881847	8.02403258442846e-05	0.00013122243818333642
0.185467	1.3376508613179366e-06	4.610653066802548e-05	4.612593066885869e-05
0.185527	-0.0003429705072890538	4.1727666610233215e-06	0.0003429958904297809
0.185587	-0.0001334759939973032	-9.529823139030397e-05	0.00016400485931730206
0.185647	8.083249489966945e-05	5.194448146214441e-05	9.608392886469699e-05
0.185707	-0.00019448798122797937	-0.00018927165915984013	0.0002713841111842282
0.185767	4.5998670182907436e-05	0.00043116717279279406	0.0004336138934037135
0.185827	-2.1674256204017592e-05	2.110246697784065e-05	3.0250413130207826e-05
0.185887	-0.00016732780586437132	-0.00011898173541295615	0.00020531743222937366
0.185947	-0.0003277254179166589	0.00011930908574585263	0.0003487672683755744
0.186007	0.00034032493583835286	-0.0001361017103877375	0.0003665306774662205
0.186067	1.2111461500162812e-05	4.728699239591488e-05	4.881339108811472e-05
0.186127	1.4663412707482276e-05	-0.00017921148774499812	0.00017981038071258724
0.186187	-0.00019953566065990873	-0.00030377381488685094	0.00036344602141982107
0.186247	0.00022711130293948066	4.082482001070623e-05	0.000230751402708142
0.186307	-4.1687182120945314e-05	0.00016746441675284047	0.00017257506202100553
0.186367	-6.763742528677352e-05	-0.0002445952660507211	0.0002537748322309502
0.186427	1.1797216512482058e-05	0.00015119834440762466	0.0001516578836363249
0.186487	-0.00036184409534575316	0.00022453725573364685	0.00042584988968999817
0.186547	-4.094052748370911e-05	-0.00010924175018624511	0.00011666141939132373
0.186607	1.2459744676802485e-05	-4.795685365253207e-05	4.95490166366749e-05
0.186667	5.030262689106244e-05	-7.155015727696728e-05	8.746301663274707e-05
0.186727	0.00027255607924982315	-0.00021309782578896735	0.0003459732644179619
0.186787	1.621759694069159e-05	-0.00010840152227483797	0.0001096079398676616
0.186847	-0.00014189034171973078	-0.00018509987631691187	0.00023322699947878688
0.186907	0.00012085547955979265	-0.00017839742321864042	0.00021548013261244798
0.186967	-0.00045439389125421207	-0.00010284631969462725	0.0004658875120497159
0.187027	0.00016147064985665897	0.00010045305267036641	0.0001901672594216133
0.187087	-0.00017224859900738607	-0.000250088224420439	0.0003036670872086324
0.187147	0.00028509810303377304	-4.8690918519374895e-05	0.0002892260947765887
0.187207	-0.00018857008113646549	0.0003643295167362895	0.0004102373365079188
0.187267	0.0002713295175545965	-6.16614284904194e-05	0.0002782478011770968
0.187327	9.73039603377495e-07	0.00017518308883702664	0.00017518579114914344
0.187387	-0.000216565514532451	7.569657209482594e-05	0.00022941358528128284
0.187447	6.283942750099484e-05	0.00015752524517704077	0.00016959656988494665
0.187507	-4.4665500709817514e-05	0.00022643458530968784	0.00023079780843419855
0.187567	0.0002684695387327884	1.5291477779860102e-05	0.0002689046718078511
0.187627	0.00012750432735592532	-7.288734532767667e-06	0.00012771248625555813
0.187687	-0.00011310907602534561	-0.0001373069920816395	0.0001778956805372599
0.187747	-0.00014570648312395838	-0.0001879698535050838	0.00023782986576768492
0.187807	-1.2258570403336994e-05	6.76587466649539e-05	6.876029776408753e-05
0.187867	0.00022364499106636027	-0.00012770457603518895	0.00025753745508061486
0.187927	-6.435016116728375e-05	8.584950835214118e-05	0.00010728970745863627
0.187987	0.00029329844004677354	7.066085099216399e-05	0.00030169012379726255
0.188047	0.0004313285392844413	0.00032900773885548567	0.0005424853924559161
0.188107	0.0001675054886461293	0.0003362624274954948	0.0003756734071926591
0.188167	9.073297956601958e-05	-8.258371459560538e-05	0.00012268880754712767
0.188227	0.0001175391173039094	-0.0003479089839727695	0.00036722759322462
0.188287	0.0001424118543116195	-0.00022036196390400146	0.00026237479182288526
0.188347	-4.0967504165165185e-05	3.085458857396807e-05	5.128686024306487e-05
0.188407	5.2135228172723975e-05	8.886715298832553e-05	0.00010303131998024895
0.188467	0.0001473047341828317	-7.049749072446691e-05	0.0001633051772330596
0.188527	-6.5376337375700665e-06	0.000259759021726674	0.0002598412785207256
0.188587	0.00013994449347507924	-0.00012757954933688664	0.00018937001521624164
0.188647	4.4312026425322846e-05	-6.41713543210371e-05	7.798409069364467e-05
0.188707	-0.0001456063514811191	8.119330629065234e-05	0.00016671401434207887
0.188767	0.00032917125603127475	-0.0003724776711205607	0.0004970848330824464
0.188827	-0.0001595889930754275	-6.379735599363703e-06	0.00015971646044521097
0.188887	0.00033868452426133	0.0001312254676290691	0.00036321802037975935
0.188947	3.471885306565738e-05	0.00011889361109499133	0.00012385915193235318
0.189007	-0.00032209812060308166	0.00010922649056398149	0.0003401141360440064
0.189067	-0.0001035170231301216	3.358928587186067e-05	0.00010883020813682067
0.189127	-0.00028806128099764794	0.000279725004310855	0.0004015288030100876
0.189187	-0.00024950806440904056	1.1956935031088193e-06	0.00024951092939608737
0.189247	8.769104568727762e-05	0.0002637888597834119	0.0002779825211044046
0.189307	8.477388599045531e-05	3.9970950374517404e-05	9.37245358471561e-05
0.189367	0.00010817161330277279	0.0002812743752134521	0.0003013575485635667
0.189427	8.955644449578029e-05	-1.3856066361746716e-05	9.062200243730496e-05
0.189487	0.0001278139654274737	6.820244189919251e-05	0.0001448722983848471
0.189547	-0.00021232811174889756	8.653345045454448e-06	0.00021250437035347773
0.189607	-0.00034212404157295175	-0.00015136618840301964	0.00037411306153871355
0.189667	0.00018401428913025617	0.00015893842572079292	0.00024315156132486077
0.189727	-1.1821698486730079e-05	5.1942743608679154e-05	5.3271016216214005e-05
0.189787	-0.0002984451935016783	0.0002649676663912578	0.0003990957250548834
0.189847	-1.4278358288425568e-05	-7.24886304678714e-05	7.388147983439602e-05
0.189907	1.6324638597878856e-05	-0.00017597973331433606	0.00017673528329888234
0.189967	0.00014307186029681275	8.636386450935925e-05	0.00016711754636118155
0.190027	5.752342270018835e-05	7.384674598997121e-05	9.360708334550262e-05
0.190087	-0.00021510455150644753	0.0002186483867095375	0.0003067198804927281
0.190147	-0.000211275425632202	-6.47064551916141e-05	0.00022096205742057272
0.190207	-0.0001650482243808081	-2.664608992295205e-05	0.0001671853177747365
0.190267	7.436249603348872e-05	2.3695522682405532e-05	7.804651569111219e-05
0.190327	-5.97299542322783e-05	-2.3299504125752318e-05	6.411344886290247e-05
0.190387	-0.00011925150339148094	-4.2554301869787826e-05	0.00012661670375094044
0.190447	5.208089099282695e-05	-5.580783946843992e-05	7.633435761661903e-05
0.190507	-0.0001050993126520531	1.551791262229972e-06	0.0001051107681260847
0.190567	-0.0002038042986836442	6.556600941618337e-05	0.00021409132105878348
0.190627	-0.00014248926704247202	0.00043430703083196674	0.00045708400568427224
0.190687	0.00029424996737467966	0.0004989015626121414	0.000579211371156365
0.190747	-0.00015225068209686238	-0.00015578640955937138	0.0002178294644954168
0.190807	1.2374969419159239e-05	-0.00014716648614705827	0.000147685864296477
0.190867	0.00013288535660355768	0.00020584049943951892	0.0002450078145879541
0.190927	-6.797975419960744e-05	8.106846621384211e-05	0.00010579859732200567
0.190987	-0.0001197213022351521	-0.0003827375177880721	0.00040102518341303135
0.191047	-0.00019949651190865936	0.00035700576273901634	0.00040896451299909714
0.191107	-3.9198748146730195e-05	-0.00018357487354500135	0.00018771328150488984
0.191167	-0.00013214347896912335	1.0203142883661419e-05	0.00013253679926257295
0.191227	-0.0001287403844046331	-0.0003520171995973028	0.00037482021742294
0.191287	6.29312586919964e-05	8.447843282830931e-05	0.00010534205681344057
0.191347	4.5964872453461915e-05	0.00016478053300268095	0.00017107131131873237
0.191407	-0.00012424507727208198	5.497945031964594e-05	0.00013586603395917627
0.191467	0.0003282361209244981	-0.0003862083707835708	0.0005068489486453157
0.191527	4.07808380640886e-05	-0.0002551719479650941	0.0002584101386972077
0.191587	0.00014140972877718278	-8.503915399601722e-05	0.00016501020909384586
0.191647	-9.618204780757725e-05	0.00011427298991483006	0.0001493629892059406
0.191707	0.00045165809431486773	7.455491210070721e-05	0.0004577701050510858
0.191767	-0.000187167293455623	-0.00027220698168066394	0.00033034563205103923
0.191827	0.0001913479952847024	-1.4537225698507979e-05	0.00019189941696233433
0.191887	3.6180568992823014e-05	-0.00017860599612583574	0.0001822337384370591
0.191947	-4.111034050889875e-05	0.0001005653507298918	0.00010864368303856304
0.192007	0.00028154581947695777	0.00021515102521424458	0.00035434166014694377
0.192067	0.0002008941042719589	0.00031879016603576934	0.0003768097810465462
0.192127	1.7199181735225206e-05	-0.00017329679085468933	0.00017414818280101356
0.192187	9.969033090538059e-05	-0.0001312375361712595	0.00016480732076072023
0.192247	-0.0003780296256316555	2.6971264428527634e-05	0.000378990563154392
0.192307	0.00015932819964732832	-0.0001240192803739755	0.0002019065553847563
0.192367	0.00011990771126070658	-7.521771912355582e-05	0.00014154703984870583
0.192427	0.0002662087052813074	0.00024456446454047397	0.00036149530022327916
0.192487	-0.0001589868200099364	0.00036349086416068046	0.00039673973492095565
0.192547	-1.8271964613758324e-05	-0.0001580106842261442	0.00015906363827242445
0.192607	-0.00020369472302418342	-0.0003015268663688448	0.0003638818370434474
0.192667	-0.00028028444348298997	0.00033613823340062124	0.00043766229128434166
0.192727	1.8777776837769113e-05	0.00011579826894948439	0.00011731088608763545
0.192787	-0.000352733319432021	5.470287714512711e-05	0.00035694985558967107
0.192847	-0.0001688415466089824	-3.941153236503066e-05	0.00017338032398364305
0.192907	3.0880580135509065e-05	6.634839828395648e-05	7.318278612045402e-05
0.192967	0.00019760883686440272	1.3200873847268413e-05	0.00019804927537669413
0.193027	0.00039652931233146604	0.00024881918150606864	0.00046813083707807085
0.193087	-0.00019227766014711387	-0.00026458923345549514	0.0003270751611666889
0.193147	0.00017755937802072934	0.00034798665208569306	0.00039066871227795737
0.193207	-0.0001518118570166072	8.840058980665669e-05	0.0001756744267359241
0.193267	-0.00021918696241358596	-0.0005211821687667549	0.0005653970087757035
0.193327	6.677445934799196e-06	-8.24622862730545e-06	1.0610776163220023e-05
0.193387	0.00017751972952006795	-0.00016416760865637126	0.00024179383387677516
0.193447	-1.1262075206336223e-05	0.00010372725852336242	0.00010433685110604802
0.193507	-0.00024285645524857813	-9.604254704581957e-05	0.00026115786164493133
0.193567	-0.00023980890435329136	8.262506585198613e-05	0.0002536438686705655
0.193627	-7.75704855403621e-05	0.000391292504662044	0.0003989072629467446
0.193687	-5.002310543494706e-05	0.00016812084575511352	0.00017540504512348126
0.193747	2.9558404755579195e-05	0.00019788833933629662	0.00020008371782074606
0.193807	7.724339968930827e-05	9.028142883297214e-05	0.00011881615709862544
0.193867	-0.00028179125993541487	-1.4968969026395824e-05	0.00028218856144376534
0.193927	0.0004663815058023594	-0.0002605553442073863	0.0005342291608939985
0.193987	6.908297060204032e-05	5.618085166086666e-05	8.904350015886995e-05
0.194047	0.0002928187994122476	5.324065225842043e-05	0.0002976195832638238
0.194107	-1.5926375739735667e-05	0.0001652627292783903	0.00016602836845776016
0.194167	-0.00021899660011810945	0.0001316290700473397	0.00025551071003936137
0.194227	6.640030406904417e-05	-0.00031046303533757485	0.000317484325111464
0.194287	-7.490420538082865e-05	3.680315971485974e-05	8.345724982726686e-05
0.194347	-7.319969428964684e-05	-8.340369103823263e-05	0.00011097013527476085
0.194407	0.00027548836509910086	-0.0003484492903177421	0.00044419674382858054
0.194467	0.00019794248977719037	-8.750109526475062e-05	0.00021642012598583357
0.194527	-3.8645581176416285e-05	5.117949056155682e-05	6.413128096805384e-05
0.194587	0.0002298754501263717	-6.9492154925399574e-06	0.00022998046475029954
0.194647	-0.00012351926539438433	-2.040434687560968e-06	0.00012353611737982764
0.194707	0.0003555000312763792	-0.0003496942080103382	0.000498664527867668
0.194767	5.590019620298177e-05	0.00014539980093581108	0.00015577526776643764
0.194827	-0.00022780886496672528	0.0003884973232331485	0.00045036324130278343
0.194887	-0.00021380590907142774	0.0001219193239602544	0.00024612453820938924
0.194947	-2.425159756350563e-05	0.00012859223031573457	0.00013085909094119965
0.195007	-1.68402754465606e-05	0.00021243362886213271	0.00021310007402309923
0.195067	0.00022292284815093936	9.880584458283276e-05	0.00024383845297953658
0.195127	0.00021342536892268163	0.0001843253027774233	0.00028200391015688336
0.195187	-4.8767925441381624e-05	8.309576029397704e-05	9.634944696618787e-05
0.195247	-0.00030181972978309733	-0.00017836762345576124	0.00035058545090120054
0.195307	-0.00025122846990519943	0.00011248968439232099	0.00027526291647367193
0.195367	-0.0004076961147465802	-7.981593523135177e-05	0.0004154355611840566
0.195427	-0.0004477233892560561	6.166094201450435e-05	0.00045194944967003335
0.195487	-5.424220750521272e-05	-0.00025226277465168276	0.00025802853437169353
0.195547	-5.753131459800676e-05	0.00014543282378109168	0.00015639871608269965
0.195607	8.061975789466787e-06	-0.00040756691463642275	0.0004076466427678303
0.195667	-0.0006235637091650299	0.0003311012123412227	0.000706016793144099
0.195727	-0.00028071485938929773	-0.00012067320400893677	0.0003055533577752594
0.195787	0.0004700632293745986	-0.0002885598298695452	0.0005515670539693405
0.195847	-0.0004887145300945892	1.806326613878094e-05	0.0004890482322932734
0.195907	-6.131996402759221e-05	6.892641677054657e-05	9.225502109463899e-05
0.195967	0.0003390123636121708	-0.00010825427193644858	0.00035587690297966975
0.196027	-0.00021461793258955255	0.00032471647939169053	0.00038923212737073477
0.196087	0.00010000338193814182	0.00023051083662843652	0.0002512686255826772
0.196147	-0.00036726398628788827	-0.000253394867264199	0.00044619703537777033
0.196207	-0.00022975407565560535	9.077287335187151e-05	0.00024703572579065674
0.196267	0.00025185795434049717	-0.00029961765550575597	0.00039141176356280585
0.196327	-0.00037986302043045684	-1.366297990721595e-05	0.0003801086572422347
0.196387	0.00013083880288068702	0.00015191716435433112	0.00020049343421846044
0.196447	-0.00018857487598349207	2.969512393659069e-07	0.00018857510978978104
0.196507	5.428831444606259e-05	7.176116704752014e-05	8.99826993450222e-05
0.196567	-6.593092297087013e-05	-0.00020428705781723992	0.0002146627321996418
0.196627	-0.0001425561099411461	-0.0003279168135343291	0.0003575635343265027
0.196687	3.344535331160678e-05	0.0002836384299288061	0.0002856034849062883
0.196747	-0.00021861996324863618	-0.00019196715981727806	0.0002909399917150398
0.196807	-0.00021027929550655224	3.655103054000724e-05	0.0002134323310847456
0.196867	8.7783675305805e-05	0.0005114087584283599	0.000518888130378246
0.196927	-0.00016561301755273184	-3.331569730224858e-05	0.00016893077656145584
0.196987	0.0001005739532722622	-0.0002581562721328328	0.00027705555565325237
0.197047	-0.00013565283060130813	4.191409185288017e-05	0.0001419805674942838
0.197107	8.56055146451791e-05	4.751822262266861e-05	9.79095787902464e-05
0.197167	-0.00020006984766672152	-0.00018906680600055048	0.0002752711410166982
0.197227	0.00011552888166235304	-3.64270303850897e-05	0.00012113567204102275
0.197287	0.00027610094278145505	0.00020869440235837578	0.00034609981823243997
0.197347	0.00020480356409235967	-0.0002538214962546865	0.00032614391275309905
0.197407	7.890762841280684e-05	2.3976477507448366e-05	8.246990539220218e-05
0.197467	-0.00010630338713704814	-2.294258070084353e-05	0.00010875096379354001
0.197527	6.389840039533506e-05	0.000282459618244823	0.00028959703298220047
0.197587	0.00023806325798544646	-5.832854662943517e-05	0.0002451047411914903
0.197647	0.0002919393860276528	9.470894026448075e-05	0.00030691755974564873
0.197707	-0.00024887384944967313	0.0003949398171495931	0.0004668143657922843
0.197767	-0.0001207566527854284	-0.00046179416249216444	0.0004773217130026457
0.197827	1.9414223491516405e-05	-0.00027412392067754324	0.0002748105455789617
0.197887	-4.455507901381857e-05	1.1155595178336057e-05	4.593040789836871e-05
0.197947	0.00023265363608728374	0.00015852650085667848	0.0002815286235154371
0.198007	5.926423360946354e-05	2.8341850024904663e-06	5.933196431895214e-05
0.198067	-0.0004297967912789858	-0.0002974778669176926	0.0005227029396316922
0.198127	0.00025803374575267875	0.00040688016941813716	0.0004818017083955702
0.198187	-0.00017956396971125334	-0.00012265163467246664	0.0002174549210900782
0.198247	-6.83559876440295e-05	0.000366998044663487	0.00037330966480070336
0.198307	-0.0002474894182544018	2.279109964369681e-05	0.00024853660971951624
0.198367	-0.00012972718544398363	-0.00022215570212321664	0.00025725920513963556
0.198427	-0.0001556987428587951	0.0001033771879221112	0.00018689286104742655
0.198487	-0.00036111112539361065	4.654087905707127e-05	0.0003640979240622568
0.198547	-8.121001626982937e-05	-0.00010662717159225221	0.00013403141596024997
0.198607	-0.0005031335449109627	-0.00030665550406422956	0.0005892206396483057
0.198667	0.0001255003404832648	-3.381015543710533e-05	0.00012997485169099682
0.198727	3.453608097302544e-05	0.000260210794641422	0.00026249266377728663
0.198787	0.0003074511867313275	0.0002865941975715389	0.00042031234374471547
0.198847	0.0001839004097071414	-0.00032392464371243905	0.0003724869601673125
0.198907	5.4108493555329206e-05	0.0003860251358510277	0.00038979883861247136
0.198967	-0.00030755067569786763	-0.00028185669961307394	0.0004171697702842208
0.199027	-0.00019673440497090556	-0.0002704689064210064	0.0003344515741326857
0.199087	-8.128096164620484e-06	-0.00012254778925004737	0.0001228170452231096
0.199147	-0.00010532368060028142	0.0001285990668653312	0.00016622514158160317
0.199207	-0.0006529189678207879	0.0001484201776619503	0.0006695757818778752
0.199267	0.00030612449555132026	3.9429141101845246e-05	0.00030865330703651876
0.199327	-0.00018427183637953948	-0.0002705459075613915	0.00032733957564111426
0.199387	1.0805997212821707e-05	-0.000125523564590633	0.00012598783609262573
0.199447	0.00022868965229745354	0.0001579044837816006	0.00027790786794595066
0.199507	-0.00032313508023940475	7.763376922186133e-05	0.0003323300801987683
0.199567	0.00010411833295164802	0.00035878178473015176	0.00037358398829551463
0.199627	0.00015280907026754992	-3.230849491766253e-05	0.0001561872299513556
0.199687	0.00013993396097454562	9.615256486452803e-05	0.00016978465526676115
0.199747	-5.4546472761727894e-05	0.00012339078439303912	0.0001349096118290887
0.199807	-0.0001238163887126491	0.00011080292383277795	0.00016615590884387535
0.199867	-0.00016064033682709799	-0.00030375826815330544	0.00034361956185208507
0.199927	-0.0002490413275104813	-5.5199178061732105e-05	0.00025508534271273525
0.199987	-0.00011110250755154408	0.00010730917717040026	0.00015446367433551896
0.200047	5.676707832212772e-05	9.663470435125714e-05	0.00011207482887020375
0.200107	5.7910446479761724e-05	-0.00023663789543598522	0.00024362083935463655
0.200167	-0.00017340964936265823	-0.0003142592188491942	0.0003589286323543802
0.200227	0.0003458180602796904	0.00017193720026085796	0.00038620270797749454
0.200287	0.00042289324422314976	0.0004525765938250682	0.0006194063846037441
0.200347	-0.0003353111356857621	0.00033533389825025277	0.0004742176515383906
0.200407	-2.0874153950795488e-07	-7.834998381392444e-05	7.835026188005077e-05
0.200467	0.00013419850332535517	-0.00023133224131860518	0.00026743942149252183
0.200527	-0.00017094346263572534	6.330408806698093e-05	0.00018228843897483927
0.200587	6.341124411668374e-05	-0.00010782598582875793	0.00012508968422843335
0.200647	0.00010246555775659169	-0.00020090615103599512	0.00022552709826197717
0.200707	0.00011641415240234727	-0.0004675397412664929	0.0004818149691978198
0.200767	0.00011998451757209484	0.00023418144066839194	0.00026312968591653036
0.200827	-0.00013089506810984926	-0.0004001352819484153	0.0004210009058368163
0.200887	-0.00012819049731721072	6.738992123359137e-05	0.00014482473920675106
0.200947	9.772950376771831e-05	0.00031328294771066495	0.00032817260890112034
0.201007	0.00018590068917647483	0.00025313998853479215	0.00031406833656337117
0.201067	9.759198608785758e-05	-0.0001100705699057218	0.00014710447344640126
0.201127	0.00024316267706394018	4.8103919554151516e-05	0.0002478751189477765
0.201187	-0.00022932660175885983	-9.011476929638614e-05	0.000246396757120721
0.201247	-0.00012451797160823645	-0.00015093727310896385	0.0001956700939515273
0.201307	3.916466198423229e-05	-0.0003319867984483944	0.0003342889544875122
0.201367	-1.2478344530666493e-05	0.00037832311591367803	0.0003785288484605371
0.201427	9.193039155396072e-05	-8.239888677396217e-05	0.00012345352742166896
0.201487	5.2625870901701116e-05	-0.00017861734272225585	0.00018620858575619525
0.201547	-0.00026096805174503267	-0.00014734080413178686	0.00029968923336316176
0.201607	-3.796830969972786e-05	0.00015655981061565586	0.0001610980038407195
0.201667	5.848529718637713e-05	-0.00013445721533852692	0.00014662630304133653
0.201727	-0.00017285195329303055	0.00014336429589263162	0.00022456874024228316
0.201787	-0.00025572553377651154	0.00020161277052135708	0.00032564283788006016
0.201847	0.00012289381098159227	6.692733569605657e-05	0.00013993626063659118
0.201907	-0.0003443585903606926	0.00013374717769345184	0.0003694200133941948
0.201967	0.0002304867435140675	-8.771435891139595e-05	0.00024661295119063944
0.202027	-2.169042465292742e-05	8.926393846458265e-05	9.186144584009724e-05
0.202087	-7.769678551051489e-05	0.0002049378973636681	0.00021917192396497394
0.202147	-4.788572409177339e-05	2.5460976165852446e-05	5.423378909048816e-05
0.202207	0.0005427729212237792	-4.763143902668396e-05	0.0005448588789746823
0.202267	0.00019727525344648712	-0.00037624606233750474	0.00042482775927056983
0.202327	0.0001915050342716274	5.646126825283927e-05	0.0001996548345622922
0.202387	-0.00027162104976887993	-0.0001982787884615391	0.000336292242894962
0.202447	0.00011257939713117259	0.0003553207478994981	0.0003727290631897075
0.202507	0.00012641679227246873	0.00011117815834683949	0.00016835019531279263
0.202567	-0.0002630453988025237	-0.0001305536388733608	0.00029366159853520964
0.202627	0.00010547216392841344	-0.0003882906334239765	0.00040236052660336225
0.202687	-0.0002645461112627898	6.735580299443408e-06	0.0002646318443162776
0.202747	0.00023328606391023217	9.038883236316071e-05	0.0002501849888196822
0.202807	0.0005072609361580652	-0.00020764697637095414	0.0005481157944704351
0.202867	-3.744079777442182e-05	-0.0002695796859486807	0.0002721672655081328
0.202927	-0.00014456943441047335	0.00011195899179861254	0.00018285277468588204
0.202987	7.208933026175485e-05	-0.00016033399303156697	0.00017579493979928695
0.203047	7.564471561213594e-05	-5.37638337818005e-05	9.280448708418142e-05
0.203107	-5.196842764786915e-05	1.5690672140702675e-05	5.428549220941847e-05
0.203167	0.0002506878416314575	-0.00012576664743439473	0.00028046683145913363
0.203227	-2.836263929354178e-05	-1.2332124325485884e-05	3.092766719419363e-05
0.203287	0.0003075139384805994	0.00019255636498652742	0.00036282609616271355
0.203347	0.00012871074994713673	0.00017272092018672745	0.00021540420938808097
0.203407	-4.155019344901636e-05	-0.00017781462265284502	0.0001826046511040295
0.203467	-0.0001809325083000756	-0.00016940434746406518	0.0002478596487923814
0.203527	8.587144329670993e-05	0.00022586945087538755	0.00024164211887129524
0.203587	-0.0001994310849533324	0.0002689782399472639	0.0003348463098360069
0.203647	0.0002242110600007762	-4.426489257840983e-05	0.00022853879351578327
0.203707	-0.00011131672742677591	-3.8419587696033744e-05	0.00011776025867728192
0.203767	-0.00024001257683823409	7.573322314537886e-05	0.0002516774883228871
0.203827	5.3880009133615155e-05	0.00012799482595197352	0.0001388730746210886
0.203887	0.0005478397612333442	0.00048170868013480787	0.0007295009640195317
0.203947	-2.61121554776925e-05	0.00019478305072790082	0.00019652552382466552
0.204007	-0.0002834766274781898	-5.930662431196984e-05	0.0002896140086627191
0.204067	-1.3143258504032693e-05	-0.0002134647954495731	0.00021386903502010736
0.204127	2.969613725384522e-05	7.345395555197887e-05	7.922969237622535e-05
0.204187	0.0002549406702055964	0.00032546431878751643	0.00041342685946694466
0.204247	7.154467261426891e-06	0.00010819139212209502	0.00010842768895034032
0.204307	6.3425920717679436e-06	-0.00017098110908534355	0.00017109870875679632
0.204367	-0.00014570488966725303	-7.487005431762372e-05	0.0001638152615187923
0.204427	0.00010317802820251475	-0.00020098304880753116	0.0002259200996187134
0.204487	-6.73647181893214e-05	-0.00038104633161250613	0.00038695518098621535
0.204547	-0.000390792311328372	-7.3919410835008e-05	0.00039772190019103285
0.204607	-0.00020115379346929326	-6.852005230235307e-07	0.00020115496048281743
0.204667	-0.0001802903445931572	0.00017802896620291786	0.00025337506025810636
0.204727	-0.00023491803129489943	0.00038674538301213847	0.0004525024560250221
0.204787	6.181469511426231e-05	7.861402085699873e-05	0.00010000610385058422
0.204847	-0.00017872394238917252	0.00016591335681498013	0.0002438636700140945
0.204907	2.135595445612682e-05	-0.00028371147446311866	0.00028451410779216027
0.204967	-0.0004408403904927635	-0.0001359602504177374	0.00046133007660835
0.205027	0.00014248319605919326	1.1613889708716178e-05	0.0001429557399806273
0.205087	-0.00022181699733848773	0.00019462374544762496	0.0002950952093822002
0.205147	-7.400153233172655e-05	0.00019248765931669678	0.00020622251520303086
0.205207	8.391304352807727e-05	0.00026181648062766815	0.00027493502578318957
0.205267	8.867832531517467e-05	0.00032166209940144596	0.00033366203196055983
0.205327	-0.0001999700839383299	0.00023630364207069397	0.0003095600841939693
0.205387	9.762309170574757e-05	3.354483187126245e-05	0.00010322559653235269
0.205447	-0.00018590428985392767	2.8414134594498296e-05	0.00018806320222427197
0.205507	-8.867189044400804e-05	-0.0003436595193066191	0.0003549148762238217
0.205567	-8.970688984516874e-05	1.3183096522489002e-06	8.971657609401092e-05
0.205627	1.1500552204351928e-05	0.0002678857368120361	0.0002681324871930526
0.205687	3.7449449982792334e-05	-0.00029014067975666636	0.00029254756084041116
0.205747	-0.00027477874402399377	-3.1155421118890474e-05	0.00027653936145239597
0.205807	0.0003450997444282462	-0.00010818251405877771	0.00036165907973189124
0.205867	-0.0001017478451955334	-0.0001615749629570349	0.0001909426423209374
0.205927	0.00011676551607244289	-0.00016672517959653475	0.00020354722119243163
0.205987	0.00013893378868487757	-3.2536076679687544e-05	0.00014269265546635793
0.206047	0.00019208043946586438	0.00034641968332799677	0.00039610793001714715
0.206107	-0.00029318082202548304	3.035047695512167e-05	0.0002947475968603329
0.206167	7.116695532247341e-05	0.0001568637306998217	0.00017225262128321041
0.206227	-0.00014817385979691225	5.253644348097457e-05	0.00015721186539426548
0.206287	6.166414770321608e-05	2.783523274661276e-05	6.765550453601062e-05
0.206347	-5.2439867047335774e-05	-0.00016068602129262998	0.00016902643904075418
0.206407	-0.0003270153054841377	-0.00027305701243373584	0.00042602716117651614
0.206467	-7.089795096106255e-05	-0.00024434563960524245	0.00025442348760397937
0.206527	-0.0001833898706797669	0.00019909983036085695	0.00027068909678386316
0.206587	-1.932927975724499e-05	-8.736450593001176e-06	2.1211945335065135e-05
0.206647	-1.7379627612859047e-05	-0.00023284848344108677	0.00023349618347368273
0.206707	-0.00023832405108896232	0.00013731315344275228	0.0002750513687220028
0.206767	-1.1671827348770708e-05	0.0002605055571701575	0.00026076690140850643
0.206827	0.0003096509122647958	-0.0002153120853661454	0.0003771511388967804
0.206887	0.00025551358253632394	0.00018185945815537218	0.0003136240637787738
0.206947	-0.00022609411973383318	-9.513886449186049e-05	0.00024529564715872453
0.207007	0.0002057175891838512	-0.00037155845193394277	0.00042470626284899995
0.207067	0.00015195400243651425	0.0002221362082850021	0.0002691366082265919
0.207127	0.00038179468331338837	-2.0477357555206635e-05	0.0003823434351192842
0.207187	-0.00013887287196922952	0.0001565438910386911	0.00020926457987561012
0.207247	0.0003348991160208365	-0.00021493184933833465	0.000397936072468348
0.207307	0.0001156697473631812	-0.00010103630455978291	0.0001535832845532331
0.207367	0.00020195162018796562	0.00030309556602600333	0.00036421337021197843
0.207427	0.00016877501692386148	-0.00010867547469017108	0.00020073705471781672
0.207487	-0.0003764888224530173	-0.00015252168531982498	0.0004062101647237047
0.207547	3.10728445646179e-05	0.00011922293455828722	0.00012320564026872528
0.207607	3.6389312219486586e-05	-0.0002576733749507799	0.0002602301869544202
0.207667	-8.694541806918127e-05	8.826876976968644e-06	8.739233078703904e-05
0.207727	0.00021337579941137756	0.00034132285548285125	0.0004025301522239195
0.207787	-0.00022417693092764956	5.18783750673373e-05	0.00023010141711812097
0.207847	0.00013302624215591504	0.00041199498053381983	0.00043293861584199985
0.207907	-0.0002859405456103969	0.0003244128228146934	0.0004324415281059037
0.207967	5.9637084257531994e-05	6.969412581047508e-05	9.172705702913562e-05
0.208027	1.6424579072533404e-05	0.00010116405430773398	0.00010248869538484745
0.208087	7.488128697869792e-05	-0.00011008861069552614	0.0001331416889800382
0.208147	0.00013550705892003984	8.737372780886957e-05	0.0001612337784968695
0.208207	-0.00021208886560846084	0.00023575626699683184	0.0003171162315987077
0.208267	-0.00012309685232603554	-0.0002488828082967124	0.0002776607414061914
0.208327	0.0003556836589149525	-0.0005484877483485644	0.0006537198752582075
0.208387	0.00022502316420862752	-7.72458086089195e-05	0.0002379124615864179
0.208447	0.00032445957184165804	3.700449134422214e-05	0.00032656292829915133
0.208507	-0.0002432966002794126	0.00012578010441155666	0.00027388660130298883
0.208567	-6.957611459674804e-05	-5.469909182469064e-05	8.850325626114417e-05
0.208627	0.00015023660187076372	-5.978919480525901e-05	0.00016169658115475287
0.208687	-0.00024163231447030066	-0.00013266458376837758	0.0002756557040634406
0.208747	6.422747891532246e-05	0.00017149080697012576	0.00018312363562108285
0.208807	3.125735783586226e-05	0.00017680464311490966	0.0001795463846638793
0.208867	-8.361652256183683e-05	-6.851346597275376e-05	0.00010810096144315209
0.208927	-0.00013029697845042226	0.00014936734181449015	0.0001982117690603576
0.208987	0.00015241687177255215	-0.00010651873033318912	0.00018594930145801912
0.209047	0.00022091732409133246	0.0002478410443088898	0.000332008504902805
0.209107	0.0001536797765335183	2.4830112610282574e-05	0.00015567276000518342
0.209167	0.00014943920284279065	-0.00023147247557608376	0.0002755205660120664
0.209227	4.3790074297855336e-05	-0.00010997292714500268	0.00011837066913662251
0.209287	0.00026002969717626984	-0.00026878602860508046	0.0003739804441235848
0.209347	-6.088416079568003e-05	5.741636470195808e-05	8.368703586208845e-05
0.209407	-0.00039097139432299894	-0.0001953675559981786	0.0004370664859212742
0.209467	-4.920579534792054e-05	-0.00015214314242796047	0.00015990230168348455
0.209527	0.00015125749202349288	-8.63372493497361e-05	0.00017416357115802237
0.209587	2.0192002803126315e-05	7.222625176891691e-05	7.49956560194551e-05
0.209647	4.8617998716556184e-05	3.87378618863722e-05	6.216374942625892e-05
0.209707	-0.00016703852490072878	-0.00034933187756169105	0.0003872139324479269
0.209767	-0.00010885613038541731	-3.886324324513478e-05	0.0001155855042728866
0.209827	0.00019070802393148688	-0.00043078449581738295	0.00047111021240097247
0.209887	3.446391885223799e-05	0.0002209088566584662	0.0002235810471681453
0.209947	-0.0002873832295823906	6.820729466411451e-05	0.00029536647692418036
0.210007	-8.598289744766053e-05	-0.00034758341242238904	0.0003580604519416903
0.210067	0.00033236486192350233	0.00012755316600624632	0.00035600029719038974
0.210127	0.00012584153707663286	0.0003604132657883714	0.00038175098508065283
0.210187	3.091152722197304e-05	-0.00013217242051493262	0.0001357389820942052
0.210247	7.967491249076944e-05	-5.484805889914591e-05	9.672849241777702e-05
0.210307	0.0003078953666289301	-0.00034581858773919153	0.0004630227342339598
0.210367	-0.0002055171436926478	0.000245750809122182	0.00032036035418851625
0.210427	-4.9283663305291493e-05	-0.00015466547242247198	0.00016232771737585596
0.210487	9.672828852757725e-05	4.1070214255120574e-05	0.00010508627075139617
0.210547	-0.00014484353402628136	0.00012752255150904395	0.00019298095888610175
0.210607	6.725833757758963e-05	-5.507159718289859e-05	8.69285038981832e-05
0.210667	-0.00011267609681929114	-0.0001271629207214325	0.00016990088640391374
0.210727	0.00018688673311469193	0.00018682146878740215	0.000264251607779715
0.210787	-0.00012456897793820183	0.00011119753566950555	0.00016698000540046456
0.210847	0.00015882503468340274	4.728458090040414e-06	0.00015889540571738803
0.210907	-0.0001896943898421275	0.0001495628656764023	0.00024156368172164168
0.210967	0.00040250438405991504	-0.00036873359504937283	0.000545870170741621
0.211027	-0.00023081453522616306	0.00016668187727788395	0.0002847072143177079
0.211087	-0.00024863399670621583	0.00036927550696768264	0.00044517778961258343
0.211147	0.00023987046373280437	-0.00021687211093300153	0.0003233749400802832
0.211207	-0.00031053057703992756	-0.00013032640896278817	0.0003367702661309135
0.211267	-5.373650321004879e-05	0.0004235891589609606	0.0004269840598505962
0.211327	0.00010877930630036234	0.00023946542900362425	0.00026301450371999996
0.211387	0.00010568816456381141	0.00010937574558193499	0.000152095502400536
0.211447	-2.215844316378021e-06	0.0003096140013608108	0.00030962193043240104
0.211507	1.0314857470241268e-05	-2.8672458746760915e-05	3.0471399298622612e-05
0.211567	-0.00022091096158794577	-0.0003517774773971347	0.00041539023406142136
0.211627	2.8254123611493563e-05	-0.00011628619413246509	0.00011966943823243642
0.211687	-8.846820320633062e-05	-0.00021077963672796074	0.0002285928219295779
0.211747	0.00017696787812567446	-0.00023644730300583533	0.0002953387156927396
0.211807	-0.00013503297737479865	0.00018267036542724964	0.000227161544685776
0.211867	-0.00022694259306223544	-0.00021465176274561537	0.00031237528678756157
0.211927	-0.000274298584949398	-4.651040486480389e-05	0.0002782138232833338
0.211987	-0.0002055897070506949	0.00012301783272266698	0.00023958404540572526
0.212047	-0.00014371548207059556	0.000265536827150015	0.0003019336787436616
0.212107	3.895888717088729e-05	-6.23419850166217e-05	7.351406658189038e-05
0.212167	3.7912084102648455e-05	-2.5798202230484386e-05	4.5857097153344314e-05
0.212227	-0.00012873672598926527	0.0005431972537960126	0.000558244033689537
0.212287	-2.3543819652413062e-05	4.390357174812472e-05	4.98180193912613e-05
0.212347	0.00023634134342035747	0.0002727074698059142	0.0003608692210450802
0.212407	-0.00013996785721391997	-5.6350096602565276e-05	0.00015088516971582968
0.212467	-0.0005551333069465994	4.462020408568499e-05	0.0005569236492501602
0.212527	0.00021695038437992789	6.704678502012008e-05	0.00022707430648167276
0.212587	-0.00010395045933856532	-0.00012037756507002743	0.00015904859687808443
0.212647	0.00013319148082461675	0.000257613645244489	0.0002900082081259213
0.212707	0.00012042045805697786	4.9858251754246474e-05	0.00013033392492609966
0.212767	-0.00013224754267656292	5.3027330348928394e-05	0.0001424826666929129
0.212827	-0.00033892250413137897	-0.0005960829841107386	0.0006856991962610483
0.212887	-0.0001392918731273079	-0.0003671329505002333	0.00039266885445922596
0.212947	-3.2132136812258054e-06	0.00030358674369707067	0.00030360374782066195
0.213007	0.00032698149492192447	-0.000447499591441231	0.0005542317045798131
0.213067	-0.00013429123046191705	0.00012576071820870357	0.00018398340366278875
0.213127	-0.00020008064178326544	0.0001222443727658792	0.00023446950737638917
0.213187	-0.00043603958183404366	-9.611306020637952e-05	0.00044650670461734705
0.213247	-8.659987738087469e-05	0.00019644996811322114	0.00021469077468318971
0.213307	0.00029547298068390525	1.5410371352577083e-05	0.0002958745711605777
0.213367	0.0002570950635351359	-4.7869614354021755e-05	0.0002615136166101841
0.213427	6.4087880580995e-05	0.0002567890815177523	0.00026466561700397485
0.213487	-0.0003040156118312841	0.00013173092886185973	0.00033132843200660934
0.213547	-0.0002371680000534308	0.0001214792394080083	0.00026646925874571786
0.213607	-0.0003527614688264106	-0.0001998155671336798	0.0004054218972348691
0.213667	0.0002207430347003752	2.7097482942276212e-05	0.00022240000213700087
0.213727	-0.0001253214024148296	0.00021292158300870425	0.000247064878957233
0.213787	8.955253242188787e-05	-0.000264876217466587	0.00027960519781037685
0.213847	0.0001498749226119183	-5.5802234867449184e-05	0.00015992617623181784
0.213907	3.381484346418401e-05	-0.0003505245716596986	0.0003521518407955898
0.213967	-0.00028316564025251864	9.322626575620249e-05	0.000298117286393233
0.214027	-0.0003925899089930106	7.512970070632446e-05	0.00039971403349314897
0.214087	-0.000414686124884768	0.0003662083377807351	0.0005532387629514714
0.214147	-0.0005473953412685735	-0.000138865310072888	0.0005647346580334675
0.214207	-0.0003525181746600722	-9.165631320501956e-05	0.00036423885462153236
0.214267	0.0001766727844416662	-0.00031955611555273153	0.0003651429634396946
0.214327	-1.0373634292411662e-07	-0.0003600182447857728	0.0003600182597311662
0.214387	0.00028601266028800134	-0.0002576253997790049	0.00038493387543357595
0.214447	-0.0003613003648026903	6.995433431255853e-05	0.00036801027498654205
0.214507	-1.1013510120871294e-05	-0.00017134275250064	0.0001716963489410247
0.214567	-0.000527540924961092	0.00016775634534861114	0.0005535716926591596
0.214627	4.193569026004121e-05	6.0319058318471644e-05	7.346421519361176e-05
0.214687	0.00015388558650136804	2.7908830152288502e-05	0.00015639589679188937
0.214747	0.00028163624878429664	-2.503035741237551e-05	0.00028274634466511053
0.214807	-0.00023902039660982094	0.0004328278863967855	0.0004944398135650332
0.214867	-0.0001986867224057988	-0.00013014838310691136	0.00023751845251622521
0.214927	-0.0001606667785451716	-2.2882507021169714e-05	0.0001622880859941884
0.214987	0.00023503764309360482	-0.0002690148236228301	0.0003572277550804516
0.215047	-0.00023594371341160243	-6.511344789367931e-05	0.00024476355324079454
0.215107	0.00023884853342931103	1.5592328695643255e-06	0.0002388536228079328
0.215167	0.0002685198996116141	0.00020815966446621206	0.0003397548857604807
0.215227	0.00016373985579295114	0.00011764203814268492	0.00020161941750104667
0.215287	0.0002740896029299429	-0.0002004465998727273	0.000339564353009604
0.215347	0.0002875439174809907	-0.0002171512229451983	0.00036032784808686383
0.215407	-8.618414850480757e-05	2.5052821544856487e-05	8.975160901542184e-05
0.215467	-4.7277725911237047e-05	0.0004592587209743983	0.0004616857764306566
0.215527	-0.00010800655223520758	0.00011329267895261102	0.00015652682335624146
0.215587	-5.930176938813069e-05	-0.00018896053344275883	0.00019804742626839414
0.215647	5.501100668025926e-05	0.00011199392236895613	0.00012477519586664372
0.215707	0.0005933656207550729	0.00036162541573842363	0.0006948781916293248
0.215767	-0.00042428170467962014	0.00012256977559438594	0.00044163142417076996
0.215827	1.740985868285925e-05	-0.00011733405994502312	0.0001186186528440591
0.215887	-0.00027098088731444906	-0.0002503342990168901	0.0003689144921984007
0.215947	0.00019217745009811758	-0.00021311403950126837	0.0002869664896094362
0.216007	0.0001802008910404266	-0.00014957188088183734	0.00023418819074046889
0.216067	-0.0002843813716413359	0.00027027421591454306	0.00039232756253522217
0.216127	-6.773439032397677e-05	1.9986618539039454e-05	7.062161533968132e-05
0.216187	-4.5845224533159906e-05	0.00014170679333067827	0.0001489382418607102
0.216247	-0.00015439839299140546	-0.0001315048132022357	0.000202811192131212
0.216307	7.448948839118964e-05	7.992984679996682e-05	0.00010925870349883959
0.216367	-5.291693951697779e-05	-4.075662128109558e-05	6.679299863080066e-05
0.216427	0.00022469309142871316	2.8267039112923518e-05	0.00022646414911858256
0.216487	0.00023061287980038873	6.985061767792582e-05	0.00024095935159237192
0.216547	0.0003445310652195802	0.00023637696950117625	0.00041782260184425
0.216607	-0.00021416547357480686	0.0006180704229323844	0.0006541237633470732
0.216667	6.264257431697946e-05	0.0002518126615850947	0.00025948739593981775
0.216727	1.5988503568553105e-05	0.0004148781886753082	0.00041518615545904983
0.216787	6.23725359863536e-05	1.595271193711859e-05	6.438029406206265e-05
0.216847	0.00010483608625420729	-8.203592727904003e-05	0.00013311836216552372
0.216907	-0.00031717201269688044	0.0002093881539739774	0.00038005458116278527
0.216967	1.6156235338427642e-05	-4.295548859356612e-05	4.5893332202212634e-05
0.217027	-0.00018331805750879362	-0.0001608638188738939	0.00024389071001473244
0.217087	-0.0003120635213295619	4.005463174973901e-05	0.00031462360825153143
0.217147	8.826423630271113e-05	0.00012818541853466022	0.00015563443364180962
0.217207	0.00024612810788183956	-0.0003360347165798572	0.0004165313628484648
0.217267	0.0002888913960305194	0.00018526043715698232	0.0003431904256765602
0.217327	0.00020196255583550282	-0.0001336908242796056	0.0002422026227276843
0.217387	-0.0003774179276660369	0.0001692824529033099	0.0004136433741578453
0.217447	0.0002725506666205032	8.248907013046358e-06	0.0002726754670706379
0.217507	-0.0001831989948093578	0.0002351189219006656	0.0002980650585608625
0.217567	-0.00022054256920203642	8.187898919735897e-06	0.00022069450948982586
0.217627	9.826825315848345e-05	0.0003125323006619023	0.00032761728973886814
0.217687	-7.817638607622216e-05	-5.184899050341325e-05	9.380759647364162e-05
0.217747	0.00033539453403486866	-6.789333385497955e-05	0.0003421973089350797
0.217807	-0.00010138932642053734	0.00012199743445056682	0.00015862903115297219
0.217867	0.00016386385175940724	-1.8649415845172523e-05	0.00016492168633868367
0.217927	-0.00030359924741118436	-7.667750208177112e-05	0.0003131324677419088
0.217987	9.577322505317142e-05	7.667287754936086e-05	0.00012268349843717657
0.218047	0.0005383161452628218	0.00016638574747367748	0.0005634434214834687
0.218107	-0.00035725125759866554	0.0004058216323985636	0.0005406659397247648
0.218167	6.53299819825651e-05	-9.034694214657052e-05	0.00011149249526796878
0.218227	0.00018851654288158242	-0.0006124398190611869	0.0006407971745503587
0.218287	-0.0005560921802221616	-0.0004174907804826975	0.0006953682942817345
0.218347	9.848448563345008e-05	-0.00019686239269172193	0.00022012268299017928
0.218407	0.00026457499419321886	-9.764166233662417e-05	0.00028201741395914037
0.218467	-0.00014900703604546706	-0.00015597823181287063	0.0002157134803171205
0.218527	-4.921790905457635e-05	-3.55053301891283e-05	6.0687981046856176e-05
0.218587	-0.0002016275235873712	0.0003286928045930389	0.0003856068179625635
0.218647	6.1757011013517e-05	0.00038257104680537935	0.00038752359187936857
0.218707	-0.00031237621113090633	0.0002694811335024356	0.00041255178898443534
0.218767	9.35531190697494e-06	7.714761568291327e-05	7.771278187296652e-05
0.218827	-0.00022240394861528268	2.6843591746505963e-07	0.00022240411061289107
0.218887	-2.858989353759041e-05	6.96628704003977e-05	7.530137797486418e-05
0.218947	-3.982278792471886e-06	-5.6399386096758914e-05	5.6539802762940854e-05
0.219007	0.0002828936650323838	0.0001757144284351574	0.00033302310141452446
0.219067	1.7708985507448272e-05	0.0001222469278558976	0.0001235229514620989
0.219127	-5.5630714796162196e-06	-7.98032545723436e-05	7.999691996961882e-05
0.219187	3.3963104584030374e-05	-0.00012240164888587104	0.00012702620250549035
0.219247	-0.00013686573201059972	-5.863809502685135e-05	0.00014889813560678102
0.219307	-6.926114397589976e-05	-0.0004777179434809903	0.00048271268844785606
0.219367	1.3992182005407847e-05	0.00026110218735746167	0.0002614768314786675
0.219427	-0.0002257884413234565	1.2354952759998999e-05	0.000226126214961861
0.219487	0.0001105987981113226	-0.00016174655735338382	0.00019594397913521246
0.219547	-0.00013128542682359703	-0.0003049179821694955	0.0003319801788459227
0.219607	0.00017483198016773834	6.014158787913493e-05	0.00018488707873184692
0.219667	-2.6204161977129567e-06	-0.00030894576129979667	0.0003089568740231558
0.219727	-5.491091654822712e-05	0.0002605786160780863	0.00026630137797866734
0.219787	-0.00019527196852796492	-0.00019588062746439918	0.00027658698795972537
0.219847	1.7626192664390854e-05	0.00010179159838241835	0.00010330639945855136
0.219907	0.0003363558413523466	-7.527572781090651e-05	0.0003446762063289351
0.219967	0.0003309800610976624	-0.0001182563862793917	0.0003514717253778361
0.220027	0.00027961441350142973	-0.00014568645636076375	0.00031529155365265534
0.220087	2.307856856276354e-05	-0.00031978586536507886	0.0003206175603646789
0.220147	9.214508849326508e-05	-0.00019330705613295783	0.00021414559366053312
0.220207	0.00010719087348898295	7.458174044079257e-06	0.00010745002428758649
0.220267	-0.00016601152969167153	-0.00020123264663036414	0.0002608723942091799
0.220327	1.8659283863809356e-05	0.00022180876784438523	0.00022259222440811942
0.220387	0.00024579761227321533	-0.00023765368246468827	0.00034190018863440363
0.220447	5.3573314504252784e-05	9.966058779360244e-05	0.00011314739407665525
0.220507	0.000701835144708566	-2.4642553490230413e-05	0.0007022676311710605
0.220567	0.00016240892355920173	7.378772219304032e-05	0.00017838521911328845
0.220627	0.00017721105598975356	0.00037938850286856356	0.00041873547076149835
0.220687	-0.0004455152580865701	0.0003671844134845671	0.0005773285361853757
0.220747	-0.00013398660791812502	8.534218058716935e-05	0.00015885747980116764
0.220807	-3.0635804073381276e-05	-0.0003605023725564878	0.0003618017594071086
0.220867	0.00018070766128840425	-0.00011120718853671324	0.0002121845838664174
0.220927	-0.00013786452105272746	-0.0002078756650436524	0.00024943720308414036
0.220987	0.0003561184394815746	-0.00036704124296548727	0.0005114094416183981
0.221047	1.4377030496391262e-05	-0.0002712526682811136	0.0002716334093139465
0.221107	0.000147269952025663	2.966040731462327e-05	0.00015022708987300008
0.221167	0.00019423035596188086	-2.5022287093506932e-05	0.00019583550757834708
0.221227	-7.612488675504521e-05	0.00015612712892062663	0.0001736970891191514
0.221287	6.065101736595027e-05	4.6763666497508035e-05	7.658581077337339e-05
0.221347	-4.172346522509417e-05	7.028342306423633e-05	8.173498093237724e-05
0.221407	0.0003294842080286686	0.00033931410541117616	0.0004729629007345774
0.221467	0.00016798247627882612	-3.0317899331263493e-05	0.0001706964772824179
0.221527	0.0003134855152407729	-0.000168116675648896	0.0003557195312279169
0.221587	-0.0002746882096770122	3.3804115971891233e-06	0.0002747090091681171
0.221647	-0.00026751679867680685	-0.00011816536986617961	0.00029245220500091675
0.221707	-8.975232232689767e-05	0.00040289502239750373	0.00041277097576713936
0.221767	-6.840399366970792e-05	0.0002369290658255856	0.00024660593785014607
0.221827	-7.309953896334395e-05	-9.401126195534486e-05	0.00011908677496300717
0.221887	0.00031375240107376544	-0.00012079609644969503	0.00033620271577879465
0.221947	-0.00013151671747440387	-0.00010479673289543411	0.00016816361735167072
0.222007	0.0003428966340298482	3.7482010842176865e-05	0.0003449391290731927
0.222067	0.0002039751402723981	0.00010575374491137297	0.00022976011928079298
0.222127	-3.702804652351918e-05	-0.00020683918615615796	0.0002101274022089686
0.222187	-0.00012130442678725396	-0.00026571532056856087	0.0002920948399801635
0.222247	1.1082750277405213e-05	8.25897505893503e-05	8.33300321380138e-05
0.222307	2.6736584411764935e-06	-0.00011118394786172037	0.00011121609016494794
0.222367	-0.00016201451256326292	-0.00035478073127303596	0.0003900231654193656
0.222427	0.00017247655072133702	-5.1632486994376774e-05	0.00018003909092737173
0.222487	0.0002294598972476169	-0.00018714542272893405	0.00029610007378127806
0.222547	-0.00013027978066156647	-5.4858358424900385e-05	0.00014135862456284975
0.222607	-0.00015561304084300918	-4.807532637725865e-05	0.00016287005705987822
0.222667	-4.231041898631368e-05	0.00016788990576079873	0.00017313922724549537
0.222727	-0.00013602911185652184	0.0003636454731917152	0.00038825500569252236
0.222787	0.00013669472464200724	-0.0001299447899521922	0.0001886030121198321
0.222847	0.00011017233116096458	0.00017045219291831945	0.00020295785923216976
0.222907	3.846501207002936e-05	6.443587325514775e-05	7.50435801098333e-05
0.222967	-5.997177266308443e-05	-0.0003504167456519687	0.0003555116160544817
0.223027	-4.7325031253147434e-05	-1.9168287256595887e-05	5.1059590866582136e-05
0.223087	8.158292096569804e-05	-6.308426172933281e-05	0.00010312806151203607
0.223147	-0.00034603349430147024	-0.00018024582635916306	0.0003901637311416621
0.223207	-0.00030059801381538	-0.00013017414878870303	0.00032757361756193795
0.223267	-4.4779275747308064e-05	0.000165772541758754	0.00017171406214288708
0.223327	-1.4148973177040622e-05	-3.16868839706425e-05	3.470233504727853e-05
0.223387	-0.00016388667889602815	0.00015599295258221272	0.0002262579164910839
0.223447	-0.00016373788280350034	0.00010690974711847927	0.00019554996367657552
0.223507	0.0003454953877466166	4.745203227774625e-05	0.0003487388110340936
0.223567	0.000398206002943911	0.00011830766475369086	0.000415409104763049
0.223627	-4.28748504572826e-05	-5.1954573109763136e-05	6.736119408644765e-05
0.223687	-0.00015279934458339235	8.419529353256343e-05	0.00017446056046610875
0.223747	-0.0001576285426251121	7.552786153561199e-05	0.00017478905949246183
0.223807	-0.00020193745456248717	-0.00010462852827432259	0.00022743320884168893
0.223867	-5.4304512490002896e-05	-7.18718327792013e-05	9.008074391243867e-05
0.223927	0.0002567507823547701	-0.0002286234331002218	0.0003437871992996803
0.223987	0.00010792799295937549	0.00027879008487250524	0.00029895210835091576
0.224047	-7.563714870347891e-05	8.903163272771138e-05	0.00011682298528181118
0.224107	-0.0002266785094773874	6.298252953568243e-05	0.0002352656916883614
0.224167	9.054307305538039e-05	-9.40195543570666e-05	0.00013052863547824805
0.224227	0.0002465828723608558	6.967087164468985e-05	0.000256236498761322
0.224287	0.0001592890902222424	-0.00030668885315046895	0.0003455880016878184
0.224347	4.5895851932086556e-05	-0.0005168112816244083	0.0005188451888943709
0.224407	4.459784638656815e-06	-0.0003958331771731678	0.0003958583001908987
0.224467	-4.899597650291467e-05	-8.685323302734418e-05	9.972005716392423e-05
0.224527	-1.589018203788841e-05	-0.0002786665773689005	0.00027911925628249776
0.224587	9.675744747558298e-05	0.00023127057426649417	0.0002506951977273282
0.224647	-0.00011305876297904466	-2.2806969090833823e-05	0.00011533621168333061
0.224707	-4.44882021569651e-05	6.73006799057709e-05	8.06757810432476e-05
0.224767	-0.00017875713683759687	-0.00018437190692872533	0.0002568017017757279
0.224827	-0.00025715502467621595	0.00018453012166417347	0.000316512357606492
0.224887	-0.00021706162045515386	-0.00014712165336795818	0.0002622222873142916
0.224947	-2.5885771869555753e-06	0.0001310713619506412	0.00013109692084655846
0.225007	-0.00010389130915578704	-0.00017846502929848534	0.00020650222952939891
0.225067	-8.948974728468286e-05	9.822098258666637e-05	0.0001328750401293133
0.225127	-0.00024831171569885665	0.00012536466159097706	0.0002781636326501543
0.225187	-0.00021551033388460006	0.00023844547109316786	0.00032140464635081826
0.225247	-0.0005809286980726306	0.0001008769159125005	0.0005896221708928349
0.225307	0.0001340840171396074	-5.398297973416885e-05	0.00014454302388311314
0.225367	-0.0002394618952643566	0.00036552326676870953	0.00043697741112426724
0.225427	-0.0001437025061513295	-0.00023557502487238821	0.0002759456515653023
0.225487	-0.00010233119338314331	0.0004243981515146746	0.0004365609512408216
0.225547	0.00046463963168630264	9.698914160505212e-05	0.0004746544858345572
0.225607	-0.00017658332118890058	-0.0001397325209883929	0.0002251818081992284
0.225667	0.0003167903019613816	0.00014509566760067353	0.0003484377249570839
0.225727	0.00010791279397438844	-0.00035036586731789204	0.0003666079814799148
0.225787	-5.4014520115130735e-05	0.00023310201043087527	0.00023927832256638657
0.225847	-1.6085283522043312e-05	0.00012716584380531473	0.00012817912535472467
0.225907	0.000180288292834871	-0.000514289974160377	0.0005449752710492407
0.225967	0.000172025475485787	-0.00014331189609051106	0.0002238996734637381
0.226027	0.00011211006468222353	0.00019916616025384223	0.00022855158278452484
0.226087	8.472134941826012e-05	0.00032605232148082716	0.0003368795383965722
0.226147	-0.00032673716221578736	-9.123610775210655e-05	0.0003392362016804512
0.226207	-0.00032459073789233115	-6.233596692957076e-05	0.00033052219274737446
0.226267	-0.00024678767840862127	0.0001799964574383764	0.0003054552060526753
0.226327	-0.00036879504786968683	-0.0001274023990814806	0.00039018093062696113
0.226387	-1.7827413154122663e-05	0.00013493882645319825	0.00013611136449369002
0.226447	0.00011394447067219155	0.00017841289465788694	0.00021169436312044822
0.226507	-0.0001477567522839102	-0.00029030181720924653	0.00032574100589345456
0.226567	0.00018165399339626248	0.00019534764242981972	0.0002667562083995386
0.226627	-6.050155541337143e-05	0.0002482523231902091	0.00025551840281430474
0.226687	0.00029096571063814486	5.5567873851582395e-05	0.0002962242957144907
0.226747	-9.576552847476254e-05	-6.703213861922784e-05	0.00011689458521213859
0.226807	1.8971893131957557e-05	9.918423701297522e-05	0.0001009824024315943
0.226867	0.0002968077549423623	7.775137328453834e-05	0.00030682261885584157
0.226927	6.905595411737915e-05	7.887598704941898e-05	0.00010483389781974953
0.226987	-6.709832982924698e-05	0.00026829399407159415	0.0002765571425958169
0.227047	-7.636428878994645e-05	-0.0006204006013565296	0.0006250827231382562
0.227107	-0.00013541412948211523	8.964897700420038e-05	0.00016240050967068642
0.227167	-4.062450941178992e-05	9.252837627832627e-06	4.166492252621674e-05
0.227227	-0.0003139853649863977	-0.0003543798177298763	0.0004734679129992884
0.227287	0.00025297901482057876	-4.3738220547046304e-05	0.0002567321831719052
0.227347	-0.00034577572717578903	-0.0001798178371474983	0.00038973748608563417
0.227407	0.00018658537935256988	4.562879704778517e-05	0.00019208355189388388
0.227467	3.026475075765939e-07	-0.00020506600485113529	0.00020506622818279875
0.227527	0.00016041750390683322	-1.6017238189167404e-06	0.00016042550008926553
0.227587	9.483668273827999e-05	8.44437791654417e-05	0.00012698325965473977
0.227647	3.715575871502633e-05	0.0004023974818089054	0.0004041092473228466
0.227707	0.00033598293767102955	0.0004307538804958199	0.0005462906185980701
0.227767	-9.283014438587144e-05	-0.0002505343923692944	0.0002671795603457594
0.227827	-0.00032384496753405184	-9.819294378695943e-05	0.000338404221614743
0.227887	-0.00013536299157572356	-0.00030025427123876237	0.0003293565953270857
0.227947	0.0003652329440030314	-5.0953950827609205e-05	0.00036877012960659367
0.228007	7.235120584099042e-06	0.0002640979883168107	0.00026419707493243133
0.228067	8.916679272053615e-05	-5.5822032342403436e-05	0.00010519893639625542
0.228127	0.0003148380607169036	0.00023480626872548154	0.0003927556343437529
0.228187	-0.0001499229300467047	0.00025853824335763786	0.00029886269126848587
0.228247	-0.0002820163352402846	3.163688622990819e-05	0.000283785316591054
0.228307	0.0001957406683992781	-0.00017510952159083894	0.00026263616243230606
0.228367	-0.00010585090849649651	-0.00026989799781297424	0.0002899126490048096
0.228427	0.00017195829355820503	-0.00035830870685982767	0.00039743525779051324
0.228487	8.863296104993529e-05	-0.0001183674966711071	0.00014787381800935518
0.228547	-0.00018934177072267293	-0.00018958087112099775	0.00026793882293425417
0.228607	4.635916069240916e-05	-0.0003246688312567783	0.0003279619212191364
0.228667	0.0001677906307497905	5.811106994056887e-06	0.00016789122887128118
0.228727	-0.00020898743097379254	7.324399378945075e-05	0.0002214507370302813
0.228787	0.00022860433266773308	0.00029809406006032986	0.00037565943294120955
0.228847	0.0001224305330121972	-1.3899934767653057e-05	0.00012321705888470038
0.228907	0.00045772668190422177	-0.0001463497728002574	0.0004805538173043011
0.228967	0.00010494582464684797	-0.00010199125942022552	0.00014634152899614894
0.229027	0.00028806660626349694	0.00014822800983917784	0.00032396591262824544
0.229087	1.4035301217058874e-05	3.342785864001764e-05	3.625481228072456e-05
0.229147	0.00020907302052817735	1.2905136348746868e-05	0.00020947092986129464
0.229207	-4.9340213006158364e-06	-0.00010849799367505107	0.00010861012474767881
0.229267	-5.6518540504657474e-05	-0.00025036079318431075	0.0002566610063579075
0.229327	8.864022642715863e-05	-0.00042967680150833397	0.0004387245644997442
0.229387	-6.738740478461988e-05	-0.0001309045211459021	0.00014723130095208742
0.229447	-3.330925967354e-05	-6.147314251821708e-05	6.991748015385242e-05
0.229507	0.00023764768950930643	4.5123255762901575e-06	0.00023769052444558693
0.229567	3.1335891549167186e-06	0.00024058832791252837	0.00024060873406578175
0.229627	-0.00020578219893456872	-0.0002377421902058618	0.00031443228587762194
0.229687	0.00018631503318038096	8.204640628779045e-05	0.0002035802160666592
0.229747	0.00021216269881035778	0.00010782222091009151	0.0002379887436171702
0.229807	-0.00011380580170415955	-0.00018370877143817282	0.0002161033854543915
0.229867	-0.00024535464093295367	-4.4546966181584354e-05	0.00024936585977900394
0.229927	-4.43763241801175e-05	-8.820545977790715e-05	9.873936035022143e-05
0.229987	0.0001538492214517674	-9.0086898956087e-05	0.00017828413363179347
0.230047	-0.00021801617847342936	0.00014919147359497564	0.0002641763612997925
0.230107	-0.0001895797169080901	0.000246565110582975	0.00031102222238892557
0.230167	0.0003276946630097963	-0.0005425917875918598	0.0006338687877843757
0.230227	0.00015046524375566264	7.41583720710358e-06	0.00015064788156470452
0.230287	7.341398545513111e-05	-0.0002936238528998985	0.000302662485703444
0.230347	-2.1703759899159377e-05	-0.00017707321626583597	0.00017839836633917888
0.230407	-0.00010061124161697915	0.0001607607098386889	0.00018964869566529924
0.230467	1.5748714610180145e-05	-0.0002645982519200321	0.00026506651416391636
0.230527	-3.181767786916404e-05	0.00011202989512223655	0.00011646055995952111
0.230587	0.0002228153746961527	-0.00027325947702379664	0.0003525867736945131
0.230647	2.3086826628045815e-05	-0.00034581081410612897	0.00034658061214744415
0.230707	0.0001464916104370645	1.6167677507188575e-05	0.0001473810901181733
0.230767	9.636008146218578e-05	-2.0252569899425565e-05	9.846538420648242e-05
0.230827	-9.094118382625665e-05	-1.996311866240947e-05	9.310652513358259e-05
0.230887	-0.00020204403809236362	-1.2732279526378687e-05	0.00020244481784082873
0.230947	-7.804456571459037e-05	9.465793734922356e-05	0.00012268284044962666
0.231007	-0.00023003043242118712	-0.00019984127677544195	0.00030471385879726103
0.231067	-0.00013412096010267938	-0.00022295828370029323	0.00026018998483693593
0.231127	-0.0002473064074802725	0.00027703227560068385	0.00037135877652923703
0.231187	-9.651747496240544e-05	-0.00035668853673582454	0.0003695163531047878
0.231247	-5.702124490516592e-05	-5.1345686295133256e-05	7.673201334288802e-05
0.231307	-0.00019087401716106288	-2.7242535905360813e-05	0.00019280831462817314
0.231367	-7.868412551414683e-05	-6.421926906875896e-05	0.00010156429553564418
0.231427	0.000410023037547265	-0.00012374509285904757	0.0004282893173150367
0.231487	-7.41844226151352e-05	-0.0003383882007539724	0.0003464244549223563
0.231547	-0.00016773705634450217	5.310762549843057e-05	0.000175943570377551
0.231607	9.198360188294012e-05	0.0003379897807438567	0.0003502828498551414
0.231667	-9.868508801101237e-05	-6.26140403052667e-05	0.00011687285672512169
0.231727	-0.00016570086441427924	5.593531435790319e-05	0.00017488720896611279
0.231787	-0.00014693152911947018	0.00028679347539320953	0.00032224117020874474
0.231847	-0.00019625061000359985	-0.00010041008807164958	0.00022044611067864516
0.231907	-5.370013950581275e-06	2.1952470583498393e-05	2.2599734833594837e-05
0.231967	-0.00020856465378568122	0.00018299099245899648	0.00027746156153577307
0.232027	9.357783322726666e-05	3.5492020554754945e-05	0.00010008243799273317
0.232087	8.501547877968422e-06	-0.00015364092924587477	0.0001538759612670455
0.232147	-0.00013145764869212944	-0.00018751601439060564	0.0002290051725455151
0.232207	-0.00018563345605116937	-0.0002955614840792285	0.00034902202061849546
0.232267	0.00039954556906519277	4.212728964365415e-05	0.00040176033937205534
0.232327	0.00024856714795901634	-6.668006938701272e-05	0.000257355510331402
0.232387	-1.5847382443486964e-05	-2.014476991148136e-05	2.5631060943641476e-05
0.232447	9.109235244274495e-05	-6.65777372135444e-05	0.00011282912640816216
0.232507	6.526214509093005e-05	0.00010725354627385738	0.00012554867888666958
0.232567	0.00012169549118863205	-0.0003839347971016914	0.00040276012836570527
0.232627	-0.00034001647946721306	-0.00026928188817436436	0.00043373256922673973
0.232687	-5.7915130627887105e-05	0.00013637338681938868	0.00014816161104765242
0.232747	4.170882123765099e-05	-0.00040360814394452586	0.0004057575133344784
0.232807	-0.0004062067475498164	4.6073582861653464e-05	0.0004088113217521133
0.232867	-1.0487534614975468e-05	-0.000564810662163409	0.0005649080212528131
0.232927	-4.34088576432236e-05	-3.510091248314597e-05	5.582475238672469e-05
0.232987	-0.0001200630304791238	-1.3857790214497298e-05	0.00012086012426545005
0.233047	0.00012898601081412346	7.10117053537611e-05	0.00014724147949199152
0.233107	-0.00020783468898745948	0.00015099302072634478	0.00025689326626943804
0.233167	-0.0003136100806896832	8.967309283586532e-05	0.0003261787029972057
0.233227	0.00014690432575792655	5.489904249852286e-05	0.00015682724824993144
0.233287	9.160902613254713e-05	-0.00024865642538670035	0.00026499477646747187
0.233347	0.00019891794301893083	-0.00015663975501288796	0.00025318839014729755
0.233407	-0.00021369710188170565	6.0366612676423387e-05	0.00022205985517122497
0.233467	9.062534795499765e-05	0.0002933049986925654	0.00030698660548957214
0.233527	-0.00012008829918855495	0.00010447971064403406	0.0001591766614119701
0.233587	0.0002834698046822923	-0.0003840033858502698	0.00047729836634026744
0.233647	-0.0001928002930593478	0.00023929654326293985	0.00030730243835896005
0.233707	0.00038899501344188785	-1.835851873296945e-06	0.0003889993455454073
0.233767	9.13335223670772e-06	-0.0001259090484802533	0.0001262398772665854
0.233827	-6.745132004113083e-05	2.2210691711004927e-05	7.101405073344542e-05
0.233887	0.0001778226599291728	5.5737750122267095e-05	0.00018635341470705206
0.233947	2.6270175374779007e-05	-0.00018843375027976435	0.0001902561440761329
0.234007	0.00020183516488372067	-0.00021456701596652154	0.0002945784074307148
0.234067	2.5810144113024545e-07	-0.0002879467427448194	0.00028794685841957904
0.234127	0.00017769810445656263	9.375736181928694e-05	0.00020091555246612474
0.234187	0.00011661358352362215	0.00013956748911944091	0.00018187306529919721
0.234247	0.0001848660674319764	6.185572519874582e-05	0.00019493997442194047
0.234307	0.00017989064808803892	-0.00024158376599872915	0.0003012031893318253
0.234367	6.940011044029935e-05	-8.556555482970509e-05	0.00011017186347902542
0.234427	8.996239753350052e-05	2.943021177093124e-05	9.465395044506827e-05
0.234487	0.00031071166917748006	9.279083448267495e-05	0.0003242713066662652
0.234547	0.0003129599438379036	0.0002285034913957519	0.000387501963900923
0.234607	-0.00032044158079006386	0.00026864183706577766	0.0004181521772289496
0.234667	0.00011497473126772023	7.708898709731172e-05	0.00013842651755272174
0.234727	0.0001505902694784325	-0.00016512741252071127	0.00022348264278769408
0.234787	-0.00023145422711429164	-4.6613138759727527e-05	0.00023610134255041353
0.234847	0.0001105490984841661	-8.727498178584261e-05	0.00014084752614576166
0.234907	-0.00025877874573540326	-2.0508674552353767e-05	0.0002595901480724622
0.234967	0.0005164210026270782	0.00012881839654455056	0.0005322450856914189
0.235027	0.00023052770191273975	-0.00020036954574119485	0.0003054357153472753
0.235087	0.00025696489859110483	-0.00037586175351221525	0.00045530541053364834
0.235147	-4.621602288643483e-05	6.708026728438666e-05	8.145970188003527e-05
0.235207	0.0003285741528096055	-0.0002098858227828227	0.00038988848726241257
0.235267	0.00010902567625284933	0.00012412814801255316	0.00016521015468613732
0.235327	8.32597570975103e-06	-7.580335202871497e-05	7.625922927953475e-05
0.235387	-0.0004433052739355235	0.0001435040635217309	0.0004659538412185251
0.235447	2.4937546439203397e-05	0.00010548357769096553	0.0001083912652610596
0.235507	3.966868681958135e-05	-5.058802938295881e-05	6.42864949335483e-05
0.235567	-4.641814198916081e-06	-0.0005860395980434176	0.0005860579808465607
0.235627	0.0002759584465135	-5.8756092153450464e-05	0.0002821441875482977
0.235687	4.2684563476551605e-06	-4.683452586892565e-05	4.7028635244485924e-05
0.235747	-0.00012735815813015315	-0.000321804814365418	0.0003460902179939015
0.235807	-9.486423480132296e-05	2.5030172056831926e-05	9.811081774012051e-05
0.235867	-0.00026126861907789105	-0.00010459960984351323	0.00028142915572890333
0.235927	-0.00025497226171628006	5.204818477981383e-05	0.00026023041287211006
0.235987	0.00025293762077901446	-0.0007386365384931869	0.0007807441168542646
0.236047	-1.1717092843319651e-05	-0.00027622998334655903	0.00027647837883700645
0.236107	-0.00010915765859564094	-0.0006087498612254861	0.0006184592047759747
0.236167	0.00022493674600254876	0.0001697416838342631	0.0002817956332754396
0.236227	0.00010644312622598715	0.00032936017861037953	0.0003461333072315095
0.236287	-0.000195499873736092	0.00017066196706838524	0.00025951051546031523
0.236347	0.0002654311943357864	0.00017834084629017577	0.00031977988739446717
0.236407	8.672433734412e-05	0.00015388899094463123	0.00017664351734986914
0.236467	-0.00037998512616261703	-7.124556368433205e-05	0.00038660655251756686
0.236527	-0.00027517755772317573	-0.00016770113745368296	0.0003222520128373922
0.236587	-0.00022078621070722353	-4.4225278362721956e-05	0.00022517199222975032
0.236647	0.0001581012474666779	-0.0001882651231545263	0.0002458449939431525
0.236707	0.00017419960662139539	1.87176889583082e-05	0.0001752023254040564
0.236767	6.42425831406754e-05	-2.0589667428513663e-05	6.746142522511208e-05
0.236827	-0.00031569449843549084	7.859591031378426e-05	0.00032533111357582837
0.236887	-0.00031234382865132917	6.424689705353433e-05	0.00031888294259426657
0.236947	0.00045229492114301067	0.0002609303836893067	0.0005221641129223752
0.237007	-6.145288249690271e-05	-1.6936279002987626e-05	6.374397472424488e-05
0.237067	9.059351531520032e-05	8.344323576297627e-05	0.0001231663858841408
0.237127	-0.00010275823067618765	-8.169022656370788e-05	0.00013127279644972343
0.237187	-0.00034026394838447587	0.00023328860115031543	0.00041255681547741304
0.237247	-0.00012667012163754504	-0.0003360465219513897	0.00035912753254421515
0.237307	7.095504838566065e-05	0.00011996726238011792	0.00013937992299607393
0.237367	-0.00012719842298245548	-0.0002077069638097893	0.0002435603038762778
0.237427	-0.0002811487315216848	8.124775353179393e-05	0.0002926530483186798
0.237487	-1.0650794361850618e-05	-0.00010995364801434021	0.00011046829469218691
0.237547	0.00015329653609758983	-6.0978279003316406e-05	0.0001649793274617337
0.237607	-0.00020403844569958856	0.00019811744030230567	0.00028439797375410673
0.237667	9.242653794633393e-05	0.00015277287458054887	0.00017855591876034024
0.237727	-8.727389788280297e-05	0.00015942324138688594	0.00018174846119282337
0.237787	-1.9925892525198476e-06	-7.107980137168897e-05	7.110772514268766e-05
0.237847	2.88012229050248e-05	5.7708900212898606e-05	6.449672553399292e-05
0.237907	7.191221343822156e-07	0.00015418445962704812	0.00015418613662430546
0.237967	-0.00032585102146131617	0.0002491824840361561	0.00041020823801797584
0.238027	0.00012471307113739866	0.00018515735432690216	0.00022324111622606588
0.238087	9.428322495248415e-05	0.00024092774975086425	0.00025871897322665726
0.238147	5.143481081877178e-05	0.0003204747434246468	0.00032457603259799703
0.238207	0.00022450787839155024	0.0001866987779456698	0.00029199352928837587
0.238267	-0.0003057709157048921	-0.0004312511460969092	0.0005286524414971578
0.238327	-0.00015905831889125976	-3.4527144891600294e-05	0.00016276262637005844
0.238387	-4.50852270766959e-05	1.5848313984281393e-05	4.7789609296389966e-05
0.238447	0.00022293217207239893	0.0001111159004611395	0.0002490893347379762
0.238507	0.00034177138962288045	-5.3019240033134985e-05	0.00034585939712323264
0.238567	-1.6047246845526743e-05	-0.00021257502096759182	0.00021317986225413826
0.238627	7.22401712006544e-05	9.245053683364847e-05	0.00011732750783993347
0.238687	8.403172366847708e-05	0.00015806280019559446	0.00017901167388851405
0.238747	0.0002338710078168247	-8.93384494733393e-05	0.0002503537634060205
0.238807	5.37489433749588e-05	-1.0092616429136757e-05	5.4688296922743976e-05
0.238867	7.578140290879907e-06	-2.6027601169981146e-05	2.7108379385936395e-05
0.238927	-0.00013662004933135037	-5.098716945253832e-05	0.00014582430979806648
0.238987	0.00014410810489834332	-0.00016614926156072153	0.00021993799811438898
0.239047	7.686215006395713e-05	0.00013930841594496937	0.00015910570343501473
0.239107	0.00016351133734079546	0.000225579517354924	0.00027860738699656885
0.239167	0.00019339928937178055	-0.00025805565979084813	0.0003224841215929858
0.239227	-5.6304551181391e-05	0.00018113526821200512	0.00018968444288863784
0.239287	-5.1181913417982686e-05	0.0003643134897793537	0.0003678911620253157
0.239347	-7.327803289403564e-05	-1.1177602181617604e-05	7.412562913965636e-05
0.239407	0.0002622262090835697	0.0002334233236100139	0.00035106841603238146
0.239467	-0.0001940372154378167	0.00037204034447491086	0.0004196003561627087
0.239527	0.00019084058237285977	0.0002053529413963869	0.0002803390062416577
0.239587	-0.0003129222716136667	0.0001160970140854928	0.000333764684697804
0.239647	0.0001583812860166527	-0.0001780531115666374	0.00023830136864661555
0.239707	-0.000250918909583566	-9.391031012463089e-05	0.00026791686310180274
0.239767	-0.00024053819251260028	0.0003204298153379609	0.00040066680498233
0.239827	-0.00025771981260302545	0.0001412316755615268	0.0002938807376982284
0.239887	0.0002266896948260823	-2.937752761914257e-05	0.0002285853382641936
0.239947	0.0002653986602016721	0.00018770271297106482	0.00032506731194252765
0.240007	6.0614953778590354e-05	-0.0002591098644273354	0.00026610541983419425
0.240067	0.00011369329814492175	-0.0001135988799387662	0.00016071985430061926
0.240127	-0.0003153225897288843	1.006912887757574e-05	0.00031548331643635854
0.240187	4.705229556593007e-05	0.00035193156706002707	0.00035506301752132675
0.240247	0.00022309725211175157	0.00011285740451397636	0.0002500183546331063
0.240307	2.592741212316228e-05	-1.2751146839992043e-05	2.8893294120597282e-05
0.240367	-0.000130909791198645	0.00019576151700784856	0.0002354993523831584
0.240427	0.00029167419554542405	0.00022228427884721602	0.0003667207888430886
0.240487	5.967845073839638e-05	0.00010426047131240929	0.00012013227443456202
0.240547	7.335292308214586e-05	0.0005033748854090236	0.000508691386387899
0.240607	4.265708689443323e-05	-8.673362155322207e-05	9.66558232599401e-05
0.240667	-0.00017426359621618246	0.00015469943098549843	0.00023302299224203964
0.240727	-6.819917516829331e-05	0.00030388144238704495	0.00031144029688026317
0.240787	0.0003280484295313933	-0.00024197719466517522	0.0004076379948631403
0.240847	-9.560984337536965e-05	-0.0003003001442892071	0.0003151530085694587
0.240907	-0.0005433784072661687	-0.0002502149239858664	0.0005982203621311892
0.240967	-6.814037207697299e-05	8.229813443560308e-05	0.00010684611943523694
0.241027	4.8222666928511156e-05	-0.0002978824815305343	0.0003017604984229832
0.241087	0.0001145071163662444	-0.00023608146896504013	0.0002623858603034924
0.241147	-4.359763061233226e-05	2.8773983173569634e-05	5.2236917048024946e-05
0.241207	0.0001233143068505006	0.00023051657824474736	0.00026142744905553847
0.241267	0.000145387342286457	0.00018578902894984437	0.00023591320983625636
0.241327	0.0004917162440796134	-3.664376158168993e-05	0.0004930797399555347
0.241387	0.0003598081598884214	7.013640423375684e-05	0.00036658017829819
0.241447	-0.00020044569025281825	0.00018401751237141144	0.0002721046115013329
0.241507	7.971208618314608e-05	-5.917485600505048e-05	9.927577885309068e-05
0.241567	-0.00024895596723505044	0.00013362020570650138	0.00028254810739940776
0.241627	7.211448113294278e-05	-0.0003612331895386953	0.0003683611212022416
0.241687	-0.00018590880080837755	0.00019368888803407067	0.0002684724707784464
0.241747	-3.1040569071806307e-06	0.0004537785952583251	0.0004537892117315063
0.241807	8.981488588280944e-05	-0.00022317836274896206	0.00024057284827147345
0.241867	0.0003467806838208902	-8.65320930746833e-05	0.00035741382989913786
0.241927	-0.0003104681742000855	0.0002887734136105603	0.0004240053910027918
0.241987	0.0005858396439610942	0.0002309150125955987	0.0006297061469276658
0.242047	7.816432606305048e-05	-0.0002858087983149541	0.00029630445670480386
0.242107	0.00019815485553350588	0.00017478071571359774	0.00026422271922917995
0.242167	0.0003335803993208977	0.0003705349910955144	0.0004985700175875426
0.242227	0.0002086141847672325	-0.00019444691764334456	0.0002851832426127009
0.242287	0.00015592542813031186	-0.0002920537231164743	0.000331071165044338
0.242347	0.00035365452922743695	7.053514597707963e-05	0.00036061992854123854
0.242407	-6.575801919258397e-05	0.00015360388586397588	0.00016708761426462935
0.242467	0.0001417390517305564	-0.00018944664182738634	0.00023660090634896426
0.242527	0.00014034125084976022	0.000136441847478083	0.000195734627578535
0.242587	0.00033322022431552846	6.518065245914105e-05	0.00033953532268070493
0.242647	0.00042988175825062024	-0.0003733062722193648	0.0005693469056339581
0.242707	-0.0001388502076770826	-0.0002584032134012493	0.0002933455315290495
0.242767	0.0004860424606108069	-1.4205680679814031e-05	0.0004862500127302668
0.242827	-2.231486168586233e-05	0.00022990488124443792	0.00023098529709069854
0.242887	-0.0003603929861235242	-5.276902737882359e-05	0.0003642357405548469
0.242947	-5.593118624975778e-05	6.665151560096336e-05	8.700989671991662e-05
0.243007	8.671854857103603e-05	6.551790820658175e-05	0.00010868625930646986
0.243067	-0.0004166522716787041	-0.00012259104271632892	0.0004343128817446029
0.243127	2.7545384161941768e-05	-4.6232339326846244e-06	2.793067275640311e-05
0.243187	-0.0002508306591164804	0.0002440929564589077	0.00034999627275966554
0.243247	0.00012982536087515094	-0.0002710385422210156	0.00030052706316679106
0.243307	-5.3830846850488014e-05	-7.473957803704696e-05	9.210735365754749e-05
0.243367	-0.00016280657520772513	0.00013282860364804798	0.00021011763104975003
0.243427	-5.774058011933186e-05	0.0003073509635653645	0.0003127276601087198
0.243487	5.504786370816374e-07	1.9570945375349297e-05	1.9578685594666187e-05
0.243547	-0.0002836908862427834	-0.00015700680626462945	0.00032424012113036653
0.243607	0.0004484683036099377	-2.558448768679625e-05	0.0004491974903680686
0.243667	-0.00015924132552123986	-1.7589698362251963e-05	0.0001602098537613604
0.243727	0.00014745587610907545	-0.0002255148371874788	0.0002694442005142996
0.243787	-8.508765707646333e-05	5.8446350841633254e-05	0.00010322734770139695
0.243847	-9.316740398253266e-05	8.759395678674666e-05	0.00012787832666407112
0.243907	0.00016182188605093296	-8.289088561950568e-05	0.00018181645064148377
0.243967	-0.00010852586080063868	-8.99915601666927e-06	0.00010889833456730161
0.244027	-0.0004699227148681349	-5.651673009670819e-05	0.000473309094281805
0.244087	-0.0003387170023110244	0.00026812294532392236	0.00043199435350909575
0.244147	-0.00021562348014365267	-7.502568358183563e-05	0.00022830317208961837
0.244207	-5.2193844282538365e-06	-4.782134617361476e-05	4.8105333630135e-05
0.244267	-0.00025323575186358033	-0.00015546506265879263	0.0002971493424684213
0.244327	1.6813079847798854e-05	6.070480094104948e-05	6.299009851763134e-05
0.244387	0.0005367792287998251	0.00042175745599706577	0.0006826501975097142
0.244447	0.00012671292321659366	-0.0004919091975835572	0.0005079673449911849
0.244507	-0.0003563726874003583	0.00028416846971652014	0.0004557995299536654
0.244567	0.0003299049051821646	0.0001639036019261803	0.0003683770312975943
0.244627	9.387010734256156e-05	-0.00017981500321453346	0.00020284238322783212
0.244687	0.00012248828011234627	-8.782107688745891e-05	0.00015071801587916944
0.244747	0.0002226071787835889	1.8185888366175777e-05	0.00022334879131451712
0.244807	-0.00033006757594229697	6.660967400394367e-05	0.0003367216259157342
0.244867	-0.00015261001103374972	0.00026286586848517444	0.00030395440493959986
0.244927	-1.997851092386767e-06	0.00028883826576205047	0.00028884517509803804
0.244987	4.351511907006078e-05	-0.00011096622257323347	0.0001191934064445427
0.245047	0.0004416750087731375	0.00012023547402250387	0.00045774816502981995
0.245107	-7.910553059896484e-05	2.622629177540855e-05	8.333968653428344e-05
0.245167	9.573969275930217e-05	-0.00021549782710608814	0.00023580797750943677
0.245227	-0.00024914923049037944	-0.0001157392344242334	0.0002747196924850053
0.245287	-0.00029645714727821135	0.00015876082009790723	0.00033629129957597054
0.245347	0.00035289975862038195	-0.00020570819203043902	0.0004084777838545884
0.245407	-0.0002330085196235884	-0.00010920128562941158	0.00025732837193028776
0.245467	-0.0002962762798347342	6.867271246696811e-05	0.0003041308524801136
0.245527	0.00019997720919459218	-0.0003686537817793972	0.0004194001609650491
0.245587	0.0004747932235772712	0.00037726988937391	0.000606433157555801
0.245647	0.00018518891014571517	0.00032727454947556575	0.00037603665137243245
0.245707	-0.00011314951289159962	-8.48287148026664e-05	0.00014141684172218805
0.245767	0.00044562436210755953	-4.9348264108852534e-05	0.00044834843958056373
0.245827	-1.9606942079500173e-06	-0.0001217827645331658	0.0001217985470320463
0.245887	-0.00011930341207427899	-0.00025488579666028456	0.0002814250761245578
0.245947	0.00029730493312630395	7.090044459074309e-05	0.00030564210492731706
0.246007	-8.887983528839473e-05	0.00019964175838340474	0.00021853250744754185
0.246067	-0.00024858567600955796	0.00044276521284515005	0.0005077754149453674
0.246127	-7.132296003204038e-05	7.048210778382353e-05	0.00010027308784206531
0.246187	1.902255967477794e-05	0.00010917594495082862	0.00011082077753060049
0.246247	6.0356516141075866e-05	0.0002357485880182607	0.0002433522257824891
0.246307	-8.575324749275188e-05	6.358417350590433e-05	0.00010675470282840988
0.246367	0.0001351352736944948	-6.868102473758336e-06	0.000135309693030751
0.246427	8.373030998600713e-05	-1.452693767967886e-05	8.49811551386666e-05
0.246487	0.00011577411398329052	0.0001444295279893374	0.0001851041167122945
0.246547	-0.0003063847700457891	0.0003258346366136924	0.000447258133221955
0.246607	0.00026917928278839934	9.136411055824057e-05	0.00028426200410989767
0.246667	-0.00012550045266132543	0.0003265882422435699	0.00034987175306094983
0.246727	-0.00018542266394127273	-2.9822897437105295e-05	0.00018780566954866476
0.246787	0.00021405346147012624	-1.3436830270827118e-05	0.00021447478354125885
0.246847	-0.0001435030443349834	-0.00025429205939515105	0.0002919889984311656
0.246907	0.00010169611655218917	1.0096536314129357e-05	0.00010219608684944339
0.246967	-0.00023644668016462522	6.0550173264593165e-05	0.00024407653726494241
0.247027	-0.0001843837951862164	0.00016262630543876334	0.0002458550368569547
0.247087	-1.5025753087193178e-05	-0.00011363807667900495	0.00011462715964002906
0.247147	-0.00016949973048151535	-2.320214571560218e-06	0.00016951560998611432
0.247207	0.000361694178741324	-0.000241777745915254	0.00043506224538015473
0.247267	9.347249597307664e-05	0.00026069616729285376	0.000276946924779136
0.247327	-0.00012372804606134574	-0.00023110546582800822	0.000262141880892274
0.247387	0.00017319965241274483	-0.0001885430417070682	0.0002560206987179921
0.247447	-0.0002641176008916083	7.482840377971822e-05	0.0002745130181120004
0.247507	-0.00014419382922127442	-3.9148523958641386e-05	0.00014941374539725042
0.247567	0.00027533388467987824	-0.00026101112159353365	0.00037938839419311037
0.247627	3.49047403189193e-05	-0.00010572122546523497	0.00011133426431517943
0.247687	-0.00021105614096891736	0.0002510091017525451	0.00032794856883863825
0.247747	0.00016238501169347618	-3.606768871121267e-05	0.00016634232832222633
0.247807	0.00040453796732899865	-6.352795129873062e-05	0.0004094957479716876
0.247867	0.00015402229132733413	-0.000157915901351272	0.00022059079338292172
0.247927	-0.00041925374860072743	0.00019290449047031853	0.00046150389831438603
0.247987	-0.000150671379801283	0.0004292501636305838	0.0004549258925013012
0.248047	0.00014339353110509758	0.00028064624060181176	0.00031515713085176827
0.248107	4.986047525447976e-05	0.00031736817829151545	0.0003212609960525518
0.248167	-0.00015943774497840236	0.0002598931500041988	0.00030490136756482916
0.248227	-0.00024818146557515264	0.00011709974947405244	0.00027442009981398324
0.248287	0.0002662478918248814	0.00021258292343190706	0.0003407043281733442
0.248347	-0.00024981238482813266	4.6463130117400414e-05	0.0002540965369182066
0.248407	-0.000258766914445156	-0.0003738903856012495	0.0004547024702555702
0.248467	0.00021465345802632773	0.0001716944810784024	0.00027487288312134814
0.248527	-0.0004483750093374671	0.00011623777435519121	0.00046319690109652295
0.248587	-0.00010782588270600026	-0.00014457541376777488	0.000180356511519411
0.248647	-0.0004653912964013323	-3.411444006403608e-05	0.00046663996162672934
0.248707	0.00032776510481849296	0.0003509330623347652	0.0004801916056912427
0.248767	0.0002229505565132264	-0.00016206307031894267	0.0002756290793997613
0.248827	-0.0001373133676598917	-0.00013809371692240116	0.00019474299882549014
0.248887	-0.00010380601058056837	-0.0001403431001705087	0.00017456194773810961
0.248947	0.00013123274743887832	-9.54045323751791e-05	0.0001622469068983536
0.249007	2.2342636350967136e-05	-8.335479341292245e-05	8.629724783573656e-05
0.249067	0.00019423939455192276	-0.0002175551669645797	0.00029164909235052263
0.249127	-8.307168671184679e-05	-2.2258986301410704e-06	8.310150274130357e-05
0.249187	-0.0001904343864478947	0.0004304380251530744	0.00047068264153191883
0.249247	0.000177960765720028	-0.000216896770017115	0.00028056058700308564
0.249307	0.00015302262730280432	-0.00010847224866686003	0.00018756906247432723
0.249367	-0.0001401619049691809	-9.132587470773537e-05	0.00016728949457668488
0.249427	0.00011035834311069477	-0.00013385099884222326	0.00017347926038924273
0.249487	0.00012518361996722291	0.00011679011147033193	0.00017120417297878768
0.249547	-0.000374592355120606	-0.000271130030281998	0.00046241856130081906
0.249607	-0.00034701904723165897	-0.00025589834765408375	0.0004311683934075626
0.249667	7.571883686882513e-05	-0.00035675663407023	0.00036470349355317085
0.249727	0.0003652125024776831	0.0004465073045928666	0.000576843952053585
0.249787	-1.9370633835926154e-05	0.0001508063388238803	0.00015204530010713422
0.249847	3.214034615124154e-05	-4.092386818109036e-05	5.203618776990573e-05
0.249907	-7.157136117521404e-05	-0.00014507346836810733	0.00016176764498757214
0.249967	-0.0001251599587821154	0.00021897015692302167	0.00025221606789662223
0.250027	-3.7534007784627974e-05	-0.00011810556809588305	0.0001239262964653902
